x
-1 1
1 -8.306789999999999 6.264
2 -8.106640000000001 6.11658
3 -7.89579 5.94435
4 -7.72925 5.74252
5 -7.56951 5.50768
6 -7.40387 5.32741
7 -7.23273 5.50638
8 -7.05667 5.57406
9 -6.87541 5.5092
10 -6.68828 5.30969
11 -6.49571 5.24424
12 -6.29724 5.20825
13 -6.09173 5.3914
14 -5.98579 5.64373
15 -5.93504 5.86274
16 -5.88039 6.04119
17 -5.822 6.17488
18 -5.75953 6.26488
19 -5.71621 6.3099
20 -5.70576 6.30938
21 -5.69457 6.26637
22 -5.68216 6.18564
23 -5.66851 6.07217
24 -5.65372 5.9308
25 -5.63779 5.7694
26 -5.62033 5.59625
27 -5.60166 5.50897
28 -5.58217 5.6293
29 -5.56203 5.72952
30 -5.54149 5.80597
31 -5.52072 5.85576
32 -5.49953 5.87672
33 -5.47782 5.86779
34 -5.45611 5.93898
35 -5.43491 6.27262
36 -5.41423 6.55125
37 -5.39486 6.75879
38 -5.37707 6.87928
39 -5.36154 6.90051
40 -5.34885 6.81821
41 -5.33915 6.63527
42 -5.33268 6.36068
43 -5.32977 6.01078
44 -5.33104 5.60519
45 -5.33767 5.8415
46 -5.34999 5.96394
47 -5.45265 5.91268
48 -5.61322 5.69927
49 -5.77355 5.3512
50 -5.93297 5.11631
51 -6.0915 5.37629
52 -6.24832 5.61964
53 -6.40353 5.84822
54 -6.55678 6.06063
55 -6.70729 6.25129
56 -6.85582 6.41966
57 -7.00142 6.56556
58 -7.14442 6.68843
59 -7.28482 6.78875
60 -7.42206 6.86741
61 -7.55679 6.92611
62 -7.68845 7.08576
63 -7.81692 7.24432
64 -7.943 7.38308
65 -8.22289 6.42009
66 -8.018800000000001 6.27217
67 -7.80356 6.09989
68 -7.61887 5.8985
69 -7.45669 5.66424
70 -7.28842 5.39722
71 -7.11447 5.44363
72 -6.93552 5.47907
73 -6.75131 5.38946
74 -6.56122 5.33808
75 -6.36569 5.31769
76 -6.164 5.28817
77 -5.95498 5.37431
78 -5.85521 5.61493
79 -5.80245 5.81934
80 -5.74565 5.9817
81 -5.68508 6.09919
82 -5.6203 6.1737
83 -5.55136 6.20517
84 -5.50819 6.19403
85 -5.49781 6.14386
86 -5.48593 6.05967
87 -5.47253 5.94647
88 -5.45772 5.80902
89 -5.4415 5.65452
90 -5.42344 5.49051
91 -5.40393 5.60503
92 -5.38346 5.73628
93 -5.36215 5.8463
94 -5.34034 5.93085
95 -5.31816 5.98657
96 -5.29547 6.01095
97 -5.27206 6.00273
98 -5.24845 6.00501
99 -5.22514 6.31928
100 -5.20203 6.58335
101 -5.17996 6.78243
102 -5.15919 6.90186
103 -5.1403 6.93035
104 -5.12392 6.86369
105 -5.11031 6.70391
106 -5.09992 6.45824
107 -5.09332 6.14061
108 -5.09134 5.76819
109 -5.09552 5.65812
110 -5.10769 5.80418
111 -5.27116 5.7826
112 -5.43478 5.6023
113 -5.59826 5.28739
114 -5.76091 5.00121
115 -5.92269 5.26647
116 -6.08283 5.51748
117 -6.24132 5.75565
118 -6.39786 5.97904
119 -6.55165 6.1815
120 -6.70341 6.36183
121 -6.85222 6.51886
122 -6.99833 6.65118
123 -7.14179 6.75868
124 -7.28205 6.84201
125 -7.4197 6.90308
126 -7.55422 6.94652
127 -7.68544 7.05144
128 -7.81418 7.17361
129 -8.13611 6.55566
130 -7.92776 6.40735
131 -7.70775 6.2353
132 -7.50304 6.03483
133 -7.33816 5.80188
134 -7.167 5.53607
135 -6.98997 5.35058
136 -6.80784 5.34924
137 -6.62032 5.36477
138 -6.42677 5.38074
139 -6.22769 5.37918
140 -6.022 5.36027
141 -5.8085 5.36214
142 -5.72042 5.58966
143 -5.66548 5.77762
144 -5.60635 5.92168
145 -5.54337 6.02041
146 -5.47603 6.07665
147 -5.40445 6.09167
148 -5.32926 6.06699
149 -5.28742 6.00688
150 -5.27545 5.91672
151 -5.26159 5.80167
152 -5.24603 5.66656
153 -5.22877 5.51795
154 -5.20939 5.53969
155 -5.18841 5.69833
156 -5.16647 5.83942
157 -5.14365 5.95826
158 -5.12036 6.05019
159 -5.09675 6.11139
160 -5.07265 6.13905
161 -5.04775 6.13178
162 -5.02253 6.0898
163 -4.9974 6.34159
164 -4.9721 6.59012
165 -4.94753 6.78072
166 -4.92386 6.89999
167 -4.90154 6.93767
168 -4.88118 6.88971
169 -4.8631 6.75716
170 -4.84799 6.54545
171 -4.83675 6.26601
172 -4.83044 5.93339
173 -4.83113 5.56449
174 -4.91617 5.58996
175 -5.08297 5.60105
176 -5.25002 5.45893
177 -5.41701 5.1838
178 -5.58324 4.87195
179 -5.74863 5.1433
180 -5.91243 5.40299
181 -6.07453 5.65198
182 -6.23468 5.88773
183 -6.39204 6.10352
184 -6.54732 6.29753
185 -6.69961 6.46757
186 -6.84909 6.61123
187 -6.99583 6.72774
188 -7.13932 6.81741
189 -7.28008 6.88225
190 -7.41762 6.92709
191 -7.55175 6.9587
192 -7.68327 6.98244
193 -8.04651 6.66101
194 -7.83364 6.51182
195 -7.60851 6.3396
196 -7.38195 6.13991
197 -7.21411 5.90844
198 -7.03979 5.6444
199 -6.85938 5.34956
200 -6.6737 5.27382
201 -6.48239 5.35034
202 -6.28483 5.39709
203 -6.0815 5.41917
204 -5.87098 5.4162
205 -5.65198 5.39593
206 -5.58152 5.56811
207 -5.52429 5.73881
208 -5.46267 5.86331
209 -5.3971 5.94152
210 -5.32699 5.97731
211 -5.25252 5.97332
212 -5.17437 5.93223
213 -5.09181 5.85915
214 -5.04953 5.76003
215 -5.03449 5.64039
216 -5.01744 5.50524
217 -4.99843 5.43175
218 -4.97708 5.61127
219 -4.9541 5.77753
220 -4.93035 5.9258
221 -4.90585 6.05114
222 -4.8811 6.1486
223 -4.85622 6.21406
224 -4.83102 6.2445
225 -4.80503 6.23842
226 -4.77868 6.19605
227 -4.75221 6.33422
228 -4.72514 6.56746
229 -4.70133 6.75056
230 -4.76533 6.87141
231 -4.79832 6.92077
232 -4.79895 6.89474
233 -4.76712 6.79335
234 -4.70481 6.62025
235 -4.61413 6.38436
236 -4.54927 6.09747
237 -4.5479 5.77376
238 -4.71798 5.43007
239 -4.90856 5.36509
240 -5.09142 5.2651
241 -5.24579 5.03567
242 -5.40027 4.72729
243 -5.56958 5.00516
244 -5.73734 5.2741
245 -5.90333 5.53457
246 -6.06734 5.78346
247 -6.22853 6.01354
248 -6.38754 6.22243
249 -6.54353 6.40694
250 -6.69656 6.56369
251 -6.84677 6.69114
252 -7.00002 6.78915
253 -7.15154 6.85975
254 -7.2978 6.94769
255 -7.43885 7.04559
256 -7.5756 7.13447
257 -7.95284 6.72847
258 -7.73532 6.57708
259 -7.5049 6.40347
260 -7.26072 6.20358
261 -7.08315 5.97302
262 -6.90547 5.71076
263 -6.7214 5.4183
264 -6.53182 5.18491
265 -6.3363 5.29896
266 -6.13418 5.37963
267 -5.92595 5.43005
268 -5.7098 5.44892
269 -5.57257 5.44244
270 -5.47643 5.54989
271 -5.37998 5.70382
272 -5.31509 5.80881
273 -5.24676 5.86595
274 -5.17369 5.8801
275 -5.09612 5.85524
276 -5.01478 5.79527
277 -4.93133 5.70631
278 -4.87946 5.59509
279 -4.82071 5.46769
280 -4.7704 5.32951
281 -4.74928 5.47951
282 -4.72566 5.66296
283 -4.70047 5.83293
284 -4.67484 5.98468
285 -4.64878 6.11326
286 -4.62278 6.21368
287 -4.59698 6.28166
288 -4.57113 6.31411
289 -4.54458 6.30948
290 -4.51768 6.26803
291 -4.49045 6.2936
292 -4.58621 6.51284
293 -4.68381 6.69011
294 -4.7506 6.8145
295 -4.78533 6.87773
296 -4.78655 6.87605
297 -4.75409 6.80849
298 -4.68982 6.67697
299 -4.59592 6.48807
300 -4.47361 6.25092
301 -4.33965 5.97682
302 -4.5147 5.67974
303 -4.72454 5.37177
304 -4.90907 5.06092
305 -5.06633 4.84232
306 -5.21224 4.56692
307 -5.38576 4.85141
308 -5.60151 5.12966
309 -5.81572 5.40161
310 -5.99137 5.66363
311 -6.12034 5.90812
312 -6.24 6.13223
313 -6.41814 6.33189
314 -6.59009 6.50282
315 -6.75563 6.64271
316 -6.91468 6.77043
317 -7.06756 6.92901
318 -7.21482 7.06741
319 -7.35658 7.19024
320 -7.49392 7.30197
321 -7.85461 6.7571
322 -7.63241 6.60138
323 -7.39658 6.42423
324 -7.14615 6.22223
325 -6.94482 5.99117
326 -6.76338 5.72997
327 -6.57513 5.44001
328 -6.38102 5.12196
329 -6.18055 5.20631
330 -5.97303 5.32279
331 -5.75896 5.40547
332 -5.60386 5.45194
333 -5.50703 5.46645
334 -5.40994 5.53306
335 -5.31219 5.67239
336 -5.21426 5.75972
337 -5.1157 5.79703
338 -5.0169 5.78997
339 -4.9353 5.74374
340 -4.88154 5.66343
341 -4.83739 5.5563
342 -4.78594 5.43008
343 -4.72715 5.29167
344 -4.66179 5.31381
345 -4.58994 5.50665
346 -4.51083 5.68987
347 -4.42624 5.85942
348 -4.39915 6.01081
349 -4.37197 6.13925
350 -4.34523 6.23992
351 -4.31905 6.30855
352 -4.29305 6.34213
353 -4.26643 6.33914
354 -4.26189 6.29986
355 -4.42757 6.22574
356 -4.55948 6.42721
357 -4.66007 6.60056
358 -4.72916 6.7301
359 -4.76531 6.80839
360 -4.76697 6.83183
361 -4.73386 6.79846
362 -4.6678 6.70872
363 -4.57094 6.5672
364 -4.44449 6.3806
365 -4.2901 6.15747
366 -4.31131 5.9089
367 -4.5189 5.64423
368 -4.70275 5.36958
369 -4.86107 5.08755
370 -5.01878 4.79813
371 -5.28371 4.68214
372 -5.54117 4.96929
373 -5.76975 5.25209
374 -5.95749 5.52649
375 -6.0954 5.7846
376 -6.17844 6.02329
377 -6.32291 6.2378
378 -6.49726 6.42311
379 -6.66483 6.6129
380 -6.82548 6.82604
381 -6.97964 7.01373
382 -7.12785 7.18059
383 -7.27028 7.33015
384 -7.4082 7.46596
385 -7.7515 6.75079
386 -7.52462 6.58809
387 -7.28335 6.40468
388 -7.02661 6.19796
389 -6.79877 5.96418
390 -6.61291 5.70249
391 -6.41973 5.41436
392 -6.2202 5.10033
393 -6.01381 5.0727
394 -5.79987 5.22529
395 -5.63278 5.34284
396 -5.53665 5.42156
397 -5.43907 5.46355
398 -5.34097 5.51844
399 -5.24188 5.6461
400 -5.14243 5.71856
401 -5.04228 5.73824
402 -4.94185 5.71146
403 -4.8406 5.64443
404 -4.77848 5.54335
405 -4.73611 5.41671
406 -4.68552 5.27337
407 -4.62694 5.12315
408 -4.56094 5.31901
409 -4.48727 5.50767
410 -4.40553 5.68616
411 -4.31595 5.85092
412 -4.2185 5.99787
413 -4.1116 6.12261
414 -4.04892 6.22066
415 -4.0233 6.28795
416 -4.03295 6.32167
417 -4.09401 6.32043
418 -4.21726 6.28453
419 -4.38665 6.21532
420 -4.52121 6.3131
421 -4.62392 6.48436
422 -4.69463 6.61996
423 -4.73171 6.7132
424 -4.73353 6.76053
425 -4.69971 6.75917
426 -4.63199 6.70841
427 -4.53246 6.61125
428 -4.40236 6.47243
429 -4.24321 6.29806
430 -4.09477 6.09661
431 -4.29746 5.87493
432 -4.47837 5.63741
433 -4.63589 5.38571
434 -4.9118 5.11942
435 -5.20296 4.83691
436 -5.47582 4.79291
437 -5.71814 5.08534
438 -5.917 5.37061
439 -6.06269 5.6407
440 -6.1497 5.89238
441 -6.22421 6.12041
442 -6.40081 6.35425
443 -6.5703 6.62567
444 -6.73249 6.86877
445 -6.88787 7.08692
446 -7.03702 7.28313
447 -7.18014 7.45983
448 -7.31868 7.61969
449 -7.64271 6.71377
450 -7.41112 6.54166
451 -7.16433 6.34943
452 -6.90108 6.13548
453 -6.64581 5.89678
454 -6.45489 5.63298
455 -6.25597 5.34581
456 -6.05011 5.03588
457 -5.83681 4.89914
458 -5.65783 5.08623
459 -5.56344 5.23933
460 -5.46656 5.35327
461 -5.36807 5.42785
462 -5.26885 5.50835
463 -5.16836 5.62817
464 -5.06731 5.6894
465 -4.96551 5.69462
466 -4.86339 5.65055
467 -4.76036 5.56422
468 -4.66505 5.44286
469 -4.62531 5.29619
470 -4.57628 5.1343
471 -4.5184 5.10977
472 -4.45212 5.29845
473 -4.37688 5.47873
474 -4.29261 5.64828
475 -4.19963 5.80419
476 -4.09816 5.94299
477 -3.98644 6.0608
478 -3.86606 6.15362
479 -3.8238 6.21773
480 -3.91246 6.25063
481 -3.9848 6.25113
482 -4.15867 6.21954
483 -4.32991 6.15708
484 -4.46578 6.17221
485 -4.56956 6.3427
486 -4.64107 6.48436
487 -4.67848 6.59104
488 -4.68008 6.65921
489 -4.64541 6.68542
490 -4.57612 6.66819
491 -4.47424 6.60942
492 -4.34109 6.51239
493 -4.1781 6.38133
494 -3.98378 6.22251
495 -4.06759 6.04069
496 -4.24373 5.83876
497 -4.49214 5.61741
498 -4.80655 5.37556
499 -5.11312 5.11077
500 -5.4006 4.81884
501 -5.65558 4.90198
502 -5.86429 5.19613
503 -6.01647 5.47599
504 -6.10637 5.73831
505 -6.13435 5.99795
506 -6.30159 6.3249
507 -6.47288 6.62398
508 -6.63652 6.89704
509 -6.79305 7.14532
510 -6.94311 7.37016
511 -7.0869 7.57289
512 -7.22605 7.7554
513 -7.5292 6.65153
514 -7.29268 6.46835
515 -7.03996 6.26551
516 -6.76966 6.04254
517 -6.48358 5.79733
518 -6.2863 5.53023
519 -6.08025 5.24337
520 -5.8666 4.93754
521 -5.67824 4.74675
522 -5.58594 4.91151
523 -5.49073 5.09885
524 -5.39288 5.24891
525 -5.29329 5.35925
526 -5.19281 5.49448
527 -5.09079 5.61047
528 -4.98806 5.66462
529 -4.88453 5.65932
530 -4.78063 5.60142
531 -4.67575 5.49859
532 -4.56903 5.35893
533 -4.50477 5.19335
534 -4.45791 5.01316
535 -4.40108 5.07076
536 -4.3347 5.24855
537 -4.25797 5.4167
538 -4.17107 5.57361
539 -4.07452 5.71717
540 -3.96877 5.84463
541 -3.85195 5.95273
542 -3.72549 6.03808
543 -3.69424 6.0974
544 -3.79716 6.12859
545 -3.88097 6.13065
546 -4.0816 6.10397
547 -4.25267 6.0496
548 -4.3884 6.00304
549 -4.4921 6.17338
550 -4.56345 6.32012
551 -4.60047 6.4376
552 -4.6014 6.52225
553 -4.5657 6.57013
554 -4.49494 6.5793
555 -4.39106 6.55099
556 -4.2555 6.48759
557 -4.08973 6.39199
558 -3.8919 6.26883
559 -3.83709 6.12122
560 -4.03271 5.95088
561 -4.36135 5.75757
562 -4.68992 5.53949
563 -5.0106 5.29346
564 -5.31116 5.01476
565 -5.57711 4.98102
566 -5.79399 5.11902
567 -5.95119 5.29259
568 -6.04296 5.56268
569 -6.07004 5.93432
570 -6.1985 6.28329
571 -6.37135 6.60863
572 -6.53627 6.90995
573 -6.6938 7.18635
574 -6.84465 7.43749
575 -6.98904 7.66368
576 -7.13985 7.86615
577 -7.41122 6.57297
578 -7.16929 6.37794
579 -6.9099 6.16359
580 -6.63153 5.93057
581 -6.33295 5.67783
582 -6.10574 5.40655
583 -5.89101 5.12168
584 -5.69381 5.07196
585 -5.6034 4.97937
586 -5.51 4.8404
587 -5.41368 4.9283
588 -5.3146 5.11281
589 -5.21365 5.28713
590 -5.11169 5.46605
591 -5.00799 5.58173
592 -4.90345 5.63271
593 -4.79808 5.62099
594 -4.69229 5.55335
595 -4.58548 5.43785
596 -4.47682 5.28328
597 -4.37455 5.16878
598 -4.33027 5.08029
599 -4.27471 5.00411
600 -4.20829 5.16806
601 -4.13007 5.32125
602 -4.04044 5.46287
603 -3.94013 5.59167
604 -3.82983 5.7056
605 -3.7076 5.80212
606 -3.57471 5.8785
607 -3.56627 5.93195
608 -3.68254 5.96075
609 -3.77694 5.96411
610 -3.98307 5.94249
611 -4.15192 5.89679
612 -4.28598 5.82903
613 -4.38838 5.96885
614 -4.45856 6.11869
615 -4.4944 6.2434
616 -4.49415 6.33928
617 -4.45722 6.40211
618 -4.38508 6.4298
619 -4.2796 6.42322
620 -4.14236 6.3843
621 -3.97494 6.31518
622 -3.77535 6.21932
623 -3.82135 6.09873
624 -4.01512 5.9543
625 -4.21959 5.78509
626 -4.56022 5.58863
627 -4.89273 5.36116
628 -5.20395 5.09772
629 -5.47845 5.09322
630 -5.70134 5.20827
631 -5.86185 5.30302
632 -5.95452 5.47809
633 -5.98058 5.8653
634 -6.09178 6.23395
635 -6.26586 6.58288
636 -6.43174 6.90954
637 -6.59001 7.21092
638 -6.74142 7.48507
639 -6.88621 7.73137
640 -7.09014 7.95056
641 -7.28795 6.48844
642 -7.04015 6.28174
643 -6.77334 6.05592
644 -6.48582 5.81267
645 -6.1764 5.55204
646 -5.91287 5.36947
647 -5.7045 5.35051
648 -5.61578 5.2877
649 -5.52391 5.17683
650 -5.42908 5.01589
651 -5.33132 4.80705
652 -5.23072 4.98993
653 -5.12814 5.23101
654 -5.02445 5.41367
655 -4.91887 5.53159
656 -4.81238 5.58265
657 -4.70503 5.5683
658 -4.59722 5.49513
659 -4.48837 5.38247
660 -4.3777 5.32012
661 -4.26502 5.24723
662 -4.19209 5.16646
663 -4.13749 5.08314
664 -4.07063 5.05697
665 -3.99051 5.19345
666 -3.89769 5.31829
667 -3.79323 5.43099
668 -3.67798 5.53027
669 -3.55005 5.61426
670 -3.41048 5.68089
671 -3.43659 5.72787
672 -3.56419 5.75382
673 -3.66741 5.75817
674 -3.86241 5.74144
675 -4.02706 5.70439
676 -4.15792 5.64875
677 -4.25776 5.71848
678 -4.32571 5.86859
679 -4.35957 5.99641
680 -4.35762 6.09808
681 -4.31926 6.16931
682 -4.24587 6.20801
683 -4.13925 6.21492
684 -4.00112 6.19179
685 -3.83322 6.14042
686 -3.73745 6.06356
687 -3.83539 5.96254
688 -4.01914 5.83782
689 -4.1873 5.68799
690 -4.41488 5.51019
691 -4.75626 5.3004
692 -5.07514 5.08448
693 -5.3554 5.20145
694 -5.58198 5.29402
695 -5.74424 5.36541
696 -5.83719 5.42287
697 -5.86266 5.79707
698 -5.98067 6.18185
699 -6.1556 6.55045
700 -6.32214 6.89827
701 -6.48086 7.2204
702 -6.63261 7.51342
703 -6.83346 7.77588
704 -7.04036 8.008139999999999
705 -7.15987 6.40312
706 -6.90556 6.18629
707 -6.63038 5.95044
708 -6.33243 5.69812
709 -6.01061 5.56844
710 -5.7461 5.57662
711 -5.62376 5.54504
712 -5.53314 5.46455
713 -5.43945 5.33204
714 -5.34282 5.14743
715 -5.24329 4.91519
716 -5.14085 4.89549
717 -5.03632 5.14021
718 -4.93064 5.32657
719 -4.82295 5.44759
720 -4.71431 5.50053
721 -4.60481 5.48626
722 -4.4948 5.41777
723 -4.38379 5.39823
724 -4.27099 5.35379
725 -4.15623 5.29299
726 -4.0443 5.2186
727 -3.99001 5.13696
728 -3.9219 5.0498
729 -3.83905 5.03423
730 -3.74219 5.14164
731 -3.63271 5.23779
732 -3.51166 5.32208
733 -3.37727 5.39328
734 -3.24714 5.44993
735 -3.30359 5.49021
736 -3.43973 5.51308
737 -3.54943 5.51814
738 -3.72089 5.50598
739 -3.87946 5.47722
740 -4.00562 5.43333
741 -4.10163 5.40605
742 -4.1663 5.55326
743 -4.19737 5.68025
744 -4.1932 5.78302
745 -4.15325 5.85735
746 -4.0788 5.90124
747 -3.97155 5.91534
748 -3.83339 5.90135
749 -3.69571 5.86098
750 -3.73853 5.79651
751 -3.8405 5.70891
752 -4.01343 5.59849
753 -4.1706 5.46374
754 -4.31088 5.30176
755 -4.59903 5.10859
756 -4.92236 5.19936
757 -5.20548 5.29709
758 -5.43354 5.36901
759 -5.59623 5.41956
760 -5.68926 5.45718
761 -5.71507 5.73315
762 -5.86496 6.12913
763 -6.04036 6.51213
764 -6.20722 6.87582
765 -6.36615 7.21362
766 -6.56238 7.52084
767 -6.78344 7.79531
768 -6.99117 8.03707
769 -7.02603 6.32098
770 -6.7642 6.09624
771 -6.4793 5.8525
772 -6.16922 5.72769
773 -5.88403 5.75534
774 -5.65997 5.75028
775 -5.53885 5.70081
776 -5.44596 5.59865
777 -5.35007 5.44219
778 -5.25127 5.23355
779 -5.14961 4.97956
780 -5.045 4.77241
781 -4.93822 5.01901
782 -4.83027 5.20794
783 -4.72023 5.33171
784 -4.60926 5.3871
785 -4.49743 5.37454
786 -4.38507 5.36541
787 -4.27179 5.36865
788 -4.15677 5.34199
789 -4.03985 5.29295
790 -3.92092 5.22433
791 -3.83076 5.14344
792 -3.76063 5.05311
793 -3.67433 4.95963
794 -3.57273 4.9375
795 -3.45751 5.01751
796 -3.32995 5.08729
797 -3.18845 5.14616
798 -3.14956 5.19317
799 -3.16515 5.22698
800 -3.30658 5.24677
801 -3.42015 5.25233
802 -3.56073 5.2443
803 -3.71146 5.22314
804 -3.83138 5.19006
805 -3.92221 5.14615
806 -3.98247 5.17134
807 -4.00994 5.29404
808 -4.00306 5.39397
809 -3.96137 5.46709
810 -3.88607 5.51155
811 -3.77878 5.52791
812 -3.64486 5.51782
813 -3.69212 5.48298
814 -3.73559 5.42548
815 -3.83328 5.34614
816 -3.99508 5.2454
817 -4.14133 5.12195
818 -4.27058 5.02686
819 -4.4193 5.17931
820 -4.74349 5.29214
821 -5.02647 5.37299
822 -5.25383 5.42741
823 -5.41589 5.4609
824 -5.50916 5.48292
825 -5.562 5.67644
826 -5.74592 6.07764
827 -5.92149 6.46884
828 -6.08846 6.84233
829 -6.26924 7.19023
830 -6.50906 7.50671
831 -6.73158 7.78894
832 -6.94025 8.0367
833 -6.88655 6.24332
834 -6.6161 6.01325
835 -6.31999 5.86458
836 -6.00539 5.90081
837 -5.7936 5.9135
838 -5.5671 5.88919
839 -5.44987 5.81695
840 -5.35429 5.6899
841 -5.25583 5.50826
842 -5.15448 5.2765
843 -5.05925 5.00366
844 -4.96186 4.75931
845 -4.86132 4.86735
846 -4.75766 5.05697
847 -4.65072 5.18238
848 -4.54058 5.24006
849 -4.42696 5.23016
850 -4.31043 5.2574
851 -4.19028 5.28143
852 -4.06655 5.27166
853 -3.9387 5.23439
854 -3.80691 5.17224
855 -3.67179 5.09324
856 -3.58558 5.00131
857 -3.49523 4.90351
858 -3.38835 4.80755
859 -3.26694 4.77512
860 -3.1324 4.83151
861 -3.03971 4.87905
862 -3.06246 4.91723
863 -3.07132 4.94509
864 -3.16558 4.96201
865 -3.28044 4.96792
866 -3.38448 4.96347
867 -3.52572 4.94896
868 -3.63784 4.92538
869 -3.72207 4.89354
870 -3.77679 4.85322
871 -3.79982 4.84216
872 -3.78973 4.93613
873 -3.74616 5.00484
874 -3.67027 5.04659
875 -3.58393 5.0618
876 -3.6364 5.05204
877 -3.68402 5.019
878 -3.72794 4.96475
879 -3.81146 4.89019
880 -3.96252 4.79599
881 -4.0985 4.92831
882 -4.21765 5.11616
883 -4.3193 5.25688
884 -4.53923 5.35662
885 -4.81926 5.42376
886 -5.04414 5.46462
887 -5.20494 5.48553
888 -5.29902 5.4967
889 -5.43884 5.62921
890 -5.6225 6.02877
891 -5.79779 6.42126
892 -5.96447 6.79797
893 -6.21176 7.15005
894 -6.45349 7.47071
895 -6.67749 7.7565
896 -6.88715 8.006930000000001
897 -6.74134 6.16898
898 -6.46109 6.00175
899 -6.15229 6.03515
900 -5.91029 6.05428
901 -5.69577 6.04555
902 -5.46988 5.9963
903 -5.38355 5.89693
904 -5.29492 5.74251
905 -5.20368 5.53536
906 -5.11001 5.28228
907 -5.014 4.99417
908 -4.91557 4.84335
909 -4.81382 4.92001
910 -4.70878 4.91568
911 -4.60024 4.99895
912 -4.48827 5.1634
913 -4.37264 5.28979
914 -4.25385 5.29051
915 -4.13119 5.17905
916 -4.00462 5.13759
917 -3.8736 5.11222
918 -3.73825 5.05816
919 -3.59786 4.98378
920 -3.45158 4.8939
921 -3.30094 4.79601
922 -3.18795 4.77883
923 -3.05961 4.77307
924 -2.91748 4.74263
925 -2.95347 4.68295
926 -2.98223 4.62963
927 -2.99574 4.65259
928 -3.01727 4.66719
929 -3.13102 4.67342
930 -3.21467 4.67199
931 -3.32318 4.66299
932 -3.42587 4.64724
933 -3.50204 4.62541
934 -3.54999 4.59704
935 -3.5677 4.56087
936 -3.55392 4.51427
937 -3.50842 4.48454
938 -3.51572 4.52154
939 -3.57163 4.53366
940 -3.62419 4.52226
941 -3.67195 4.48907
942 -3.71611 4.43614
943 -3.77518 4.48126
944 -3.91611 4.7624
945 -4.0426 4.99213
946 -4.15262 5.17076
947 -4.24529 5.30147
948 -4.32083 5.39088
949 -4.58583 5.44793
950 -4.80687 5.47953
951 -4.96625 5.49261
952 -5.11756 5.49783
953 -5.30816 5.59264
954 -5.49112 5.98339
955 -5.66583 6.37013
956 -5.89052 6.74362
957 -6.15378 7.09439
958 -6.3975 7.41487
959 -6.62314 7.70094
960 -6.83393 7.9517
961 -6.59149 6.15877
962 -6.30043 6.18102
963 -6.01184 6.19608
964 -5.80875 6.19208
965 -5.59115 6.1561
966 -5.42512 6.07688
967 -5.33803 5.94682
968 -5.24857 5.76333
969 -5.15642 5.53102
970 -5.06177 5.2589
971 -4.96471 4.95933
972 -4.86512 4.88586
973 -4.76204 4.95707
974 -4.65553 4.94496
975 -4.54533 5.05184
976 -4.43151 5.30603
977 -4.31388 5.4306
978 -4.19286 5.42882
979 -4.06778 5.31453
980 -3.93848 5.10736
981 -3.80441 4.9276
982 -3.66566 4.88424
983 -3.52137 4.8187
984 -3.37046 4.79072
985 -3.21216 4.82623
986 -3.04534 4.84513
987 -2.86786 4.84469
988 -2.8262 4.82136
989 -2.87204 4.77059
990 -2.90558 4.68722
991 -2.92276 4.56882
992 -2.92011 4.41605
993 -2.97084 4.38136
994 -3.05243 4.38239
995 -3.10473 4.41075
996 -3.19612 4.45109
997 -3.26268 4.46349
998 -3.30254 4.44555
999 -3.31402 4.39639
1000 -3.37609 4.31953
1001 -3.43926 4.22688
1002 -3.49882 4.16355
1003 -3.5547 4.1746
1004 -3.6073 4.18447
1005 -3.65516 4.17487
1006 -3.69949 4.20883
1007 -3.74004 4.52955
1008 -3.85894 4.80209
1009 -3.97674 5.02319
1010 -4.07848 5.1933
1011 -4.16311 5.31584
1012 -4.2308 5.39776
1013 -4.36678 5.44829
1014 -4.57935 5.4748
1015 -4.78326 5.48454
1016 -4.98007 5.48826
1017 -5.16927 5.56713
1018 -5.35116 5.94251
1019 -5.54444 6.31741
1020 -5.82962 6.68245
1021 -6.09476 7.0279
1022 -6.34033 7.34547
1023 -6.56756 7.63025
1024 -6.77951 7.88073
1025 -6.4385 6.35437
1026 -6.13587 6.35904
1027 -5.90699 6.35107
1028 -5.70052 6.31895
1029 -5.47945 6.25097
1030 -5.37731 6.13785
1031 -5.2892 5.97447
1032 -5.19863 5.76097
1033 -5.10535 5.50434
1034 -5.00952 5.2156
1035 -4.91123 4.90814
1036 -4.81032 4.89214
1037 -4.70579 4.95522
1038 -4.59769 4.93386
1039 -4.48573 5.13124
1040 -4.37 5.38858
1041 -4.25034 5.51747
1042 -4.12711 5.52062
1043 -3.99963 5.41142
1044 -3.86767 5.21013
1045 -3.73063 4.94465
1046 -3.58856 4.68268
1047 -3.44038 4.75206
1048 -3.28472 4.806
1049 -3.12067 4.84535
1050 -2.9468 4.86935
1051 -2.76065 4.87553
1052 -2.74204 4.8606
1053 -2.79158 4.82002
1054 -2.82797 4.74823
1055 -2.84729 4.64234
1056 -2.84619 4.50244
1057 -2.82346 4.40268
1058 -2.90875 4.49426
1059 -2.99026 4.56855
1060 -3.0699 4.62159
1061 -3.14574 4.64715
1062 -3.21879 4.64197
1063 -3.28829 4.60408
1064 -3.3544 4.53637
1065 -3.41733 4.44804
1066 -3.47669 4.35142
1067 -3.53235 4.25707
1068 -3.58479 4.24095
1069 -3.6326 4.31502
1070 -3.67695 4.3745
1071 -3.71769 4.5541
1072 -3.79078 4.81663
1073 -3.90078 5.02867
1074 -3.99522 5.19086
1075 -4.07288 5.30677
1076 -4.13387 5.38356
1077 -4.22794 5.43056
1078 -4.43742 5.45537
1079 -4.63856 5.46535
1080 -4.83299 5.47106
1081 -5.02025 5.55413
1082 -5.20066 5.90892
1083 -5.48122 6.26734
1084 -5.76822 6.62021
1085 -6.03532 6.95778
1086 -6.28282 7.2711
1087 -6.51176 7.55432
1088 -6.72496 7.80507
1089 -6.28261 6.55403
1090 -5.99026 6.53823
1091 -5.79458 6.50382
1092 -5.58424 6.43997
1093 -5.41191 6.33659
1094 -5.32518 6.18683
1095 -5.23589 5.98848
1096 -5.14403 5.74464
1097 -5.04939 5.46472
1098 -4.95216 5.16156
1099 -4.85239 4.84916
1100 -4.74995 4.87097
1101 -4.64377 4.92159
1102 -4.5339 4.8879
1103 -4.42004 5.1538
1104 -4.3023 5.4185
1105 -4.18059 5.55787
1106 -4.05515 5.57339
1107 -3.92534 5.47727
1108 -3.79085 5.28969
1109 -3.65097 5.03806
1110 -3.50569 4.84102
1111 -3.35366 4.94526
1112 -3.19308 4.97471
1113 -3.02283 4.9391
1114 -2.84108 4.8599
1115 -2.645 4.87335
1116 -2.65848 4.86741
1117 -2.7091 4.83752
1118 -2.74594 4.77776
1119 -2.76546 4.68485
1120 -2.76462 4.55838
1121 -2.79296 4.49003
1122 -2.87955 4.58875
1123 -2.96227 4.6732
1124 -3.04298 4.73811
1125 -3.11954 4.77633
1126 -3.19299 4.78379
1127 -3.26274 4.7574
1128 -3.32883 4.69942
1129 -3.39141 4.61923
1130 -3.45043 4.52996
1131 -3.50568 4.44296
1132 -3.55775 4.4739
1133 -3.60533 4.51236
1134 -3.64951 4.53244
1135 -3.69024 4.56598
1136 -3.72705 4.81716
1137 -3.81579 5.01954
1138 -3.90356 5.17399
1139 -3.97501 5.28418
1140 -4.03022 5.35733
1141 -4.08027 5.40279
1142 -4.28577 5.42817
1143 -4.48342 5.44072
1144 -4.67484 5.45063
1145 -4.85962 5.55476
1146 -5.10819 5.88497
1147 -5.41728 6.22347
1148 -5.70629 6.56146
1149 -5.97547 6.8894
1150 -6.22498 7.1977
1151 -6.45568 7.47945
1152 -6.67019 7.7312
1153 -6.12327 6.75774
1154 -5.87398 6.71985
1155 -5.67423 6.65703
1156 -5.45955 6.55934
1157 -5.35843 6.41862
1158 -5.27046 6.23074
1159 -5.17987 5.99666
1160 -5.0866 5.72263
1161 -4.9905 5.42047
1162 -4.89171 5.10461
1163 -4.79034 4.7893
1164 -4.68623 4.83079
1165 -4.57826 4.8637
1166 -4.46649 4.81364
1167 -4.3506 5.1274
1168 -4.23076 5.40261
1169 -4.10691 5.55732
1170 -3.97926 5.59132
1171 -3.84715 5.51501
1172 -3.71022 5.3478
1173 -3.56764 5.11593
1174 -3.41932 5.08447
1175 -3.26351 5.18673
1176 -3.09786 5.2216
1177 -2.92094 5.19849
1178 -2.73049 5.1263
1179 -2.52318 5.01604
1180 -2.57188 4.87737
1181 -2.62083 4.83058
1182 -2.65561 4.78234
1183 -2.67328 4.70189
1184 -2.6713 4.58836
1185 -2.75685 4.52616
1186 -2.84505 4.63101
1187 -2.92925 4.72451
1188 -3.0112 4.80023
1189 -3.08862 4.85033
1190 -3.16252 4.87005
1191 -3.23249 4.85519
1192 -3.29846 4.80738
1193 -3.3606 4.73614
1194 -3.41915 4.65517
1195 -3.47385 4.64166
1196 -3.52544 4.65891
1197 -3.57269 4.65684
1198 -3.61661 4.63251
1199 -3.65723 4.61097
1200 -3.69384 4.81752
1201 -3.72578 5.00951
1202 -3.80617 5.15588
1203 -3.8719 5.26038
1204 -3.92197 5.33027
1205 -3.95705 5.37477
1206 -4.12492 5.4015
1207 -4.31859 5.41744
1208 -4.50647 5.43222
1209 -4.71068 5.56785
1210 -5.04112 5.87067
1211 -5.3521 6.18679
1212 -5.64327 6.50792
1213 -5.91458 6.82479
1214 -6.16608 7.12731
1215 -6.39849 7.40742
1216 -6.61427 7.66045
1217 -5.96461 6.96367
1218 -5.74997 6.90318
1219 -5.54571 6.81129
1220 -5.38826 6.67906
1221 -5.3015 6.5004
1222 -5.2121 6.27408
1223 -5.12004 6.00438
1224 -5.02522 5.70069
1225 -4.92753 5.37722
1226 -4.8271 5.04976
1227 -4.72403 4.73252
1228 -4.61818 4.78093
1229 -4.5084 4.79053
1230 -4.39471 4.71952
1231 -4.27682 5.07495
1232 -4.15492 5.36268
1233 -4.02901 5.53572
1234 -3.89923 5.59185
1235 -3.76495 5.53933
1236 -3.62574 5.39629
1237 -3.48064 5.18727
1238 -3.32942 5.29867
1239 -3.1698 5.40459
1240 -2.9988 5.45266
1241 -2.8146 5.45136
1242 -2.61446 5.40735
1243 -2.42367 5.32925
1244 -2.47888 5.22359
1245 -2.52348 5.09445
1246 -2.55378 4.94671
1247 -2.56765 4.78792
1248 -2.62206 4.62422
1249 -2.71551 4.51655
1250 -2.80536 4.62676
1251 -2.89109 4.72844
1252 -2.97431 4.81413
1253 -3.05265 4.87551
1254 -3.12711 4.90719
1255 -3.19741 4.90392
1256 -3.26337 4.8668
1257 -3.3252 4.80529
1258 -3.38336 4.79624
1259 -3.43757 4.80469
1260 -3.48865 4.78696
1261 -3.5355 4.7429
1262 -3.57895 4.6728
1263 -3.61911 4.80253
1264 -3.65504 5.06379
1265 -3.68582 5.27851
1266 -3.71125 5.43334
1267 -3.7672 5.51785
1268 -3.81297 5.52866
1269 -3.84456 5.4682
1270 -3.95497 5.40148
1271 -4.14443 5.40232
1272 -4.32841 5.42111
1273 -4.64094 5.58966
1274 -4.97301 5.86374
1275 -5.28636 6.15619
1276 -5.58004 6.45919
1277 -5.85373 6.76387
1278 -6.10735 7.05963
1279 -6.34155 7.33735
1280 -6.55864 7.59107
1281 -5.81422 7.1674
1282 -5.619 7.08505
1283 -5.41136 6.96491
1284 -5.32609 6.79905
1285 -5.23815 6.58346
1286 -5.14751 6.31979
1287 -5.05413 6.01556
1288 -4.95788 5.68328
1289 -4.85872 5.3394
1290 -4.75672 5.00083
1291 -4.65201 4.8447
1292 -4.54446 4.72883
1293 -4.4329 4.70969
1294 -4.31734 4.62587
1295 -4.19752 5.02538
1296 -4.07367 5.3267
1297 -3.94582 5.51916
1298 -3.81406 5.59851
1299 -3.67778 5.57064
1300 -3.53647 5.45212
1301 -3.389 5.30211
1302 -3.23494 5.47454
1303 -3.07141 5.58898
1304 -2.89474 5.65682
1305 -2.70264 5.68505
1306 -2.50139 5.67765
1307 -2.34267 5.64042
1308 -2.38037 5.57607
1309 -2.41815 5.48508
1310 -2.44175 5.36869
1311 -2.47621 5.23132
1312 -2.57471 5.07771
1313 -2.66978 4.90874
1314 -2.76115 4.72694
1315 -2.84829 4.70073
1316 -2.93264 4.79545
1317 -3.01187 4.86716
1318 -3.08685 4.90992
1319 -3.15745 4.91759
1320 -3.2234 4.89087
1321 -3.28496 4.89446
1322 -3.34277 4.91835
1323 -3.39649 4.90321
1324 -3.44699 4.85294
1325 -3.49329 4.76977
1326 -3.53602 4.7877
1327 -3.57531 5.08477
1328 -3.61002 5.34699
1329 -3.63897 5.56338
1330 -3.66194 5.71965
1331 -3.67768 5.80416
1332 -3.70381 5.81231
1333 -3.73322 5.74603
1334 -3.77646 5.61506
1335 -3.96152 5.43269
1336 -4.22049 5.42138
1337 -4.56923 5.61616
1338 -4.90373 5.86157
1339 -5.22 6.13018
1340 -5.51653 6.41455
1341 -5.79279 6.70613
1342 -6.04865 6.99399
1343 -6.2847 7.26802
1344 -6.50318 7.52109
1345 -5.68092 7.3596
1346 -5.48073 7.25739
1347 -5.34453 7.11134
1348 -5.25814 6.91442
1349 -5.16901 6.66461
1350 -5.07712 6.36623
1351 -4.9824 6.02987
1352 -4.8847 5.67095
1353 -4.78403 5.30791
1354 -4.68044 5.15692
1355 -4.57405 5.02473
1356 -4.46478 4.84103
1357 -4.35143 4.62593
1358 -4.23401 4.60289
1359 -4.1123 5.00871
1360 -3.98663 5.32272
1361 -3.85702 5.53293
1362 -3.72351 5.63324
1363 -3.58549 5.6274
1364 -3.44239 5.53039
1365 -3.29287 5.4318
1366 -3.13624 5.60537
1367 -2.969 5.73298
1368 -2.78674 5.82632
1369 -2.58918 5.89049
1370 -2.44042 5.92645
1371 -2.2874 5.93691
1372 -2.27809 5.92038
1373 -2.30721 5.87319
1374 -2.32246 5.79279
1375 -2.4202 5.68022
1376 -2.52064 5.5388
1377 -2.61766 5.3696
1378 -2.71089 5.17657
1379 -2.79974 4.96659
1380 -2.8855 4.7859
1381 -2.96588 4.83599
1382 -3.04163 4.88844
1383 -3.11266 4.90594
1384 -3.17868 4.88891
1385 -3.24005 4.95133
1386 -3.29748 4.96458
1387 -3.35057 4.93051
1388 -3.40022 4.85367
1389 -3.44555 4.73817
1390 -3.48698 5.03325
1391 -3.52464 5.32405
1392 -3.55719 5.581
1393 -3.58331 5.79347
1394 -3.60274 5.94664
1395 -3.61413 6.0282
1396 -3.61509 6.03261
1397 -3.62463 5.96141
1398 -3.64272 5.82426
1399 -3.79542 5.63445
1400 -4.1419 5.45876
1401 -4.49355 5.64676
1402 -4.83164 5.86531
1403 -5.15162 6.11127
1404 -5.45151 6.37739
1405 -5.73061 6.65548
1406 -5.98886 6.93442
1407 -6.22689 7.20335
1408 -6.44683 7.45412
1409 -5.60794 7.52755
1410 -5.41291 7.40858
1411 -5.28936 7.24033
1412 -5.18407 7.01652
1413 -5.09372 6.73685
1414 -5.00052 6.408
1415 -4.90437 6.0433
1416 -4.80514 5.6607
1417 -4.70286 5.33974
1418 -4.59756 5.28953
1419 -4.48938 5.17379
1420 -4.37824 5.00439
1421 -4.26301 4.79496
1422 -4.14366 4.63307
1423 -4.02003 5.04358
1424 -3.89255 5.36686
1425 -3.779 5.58998
1426 -3.66351 5.70559
1427 -3.53091 5.71582
1428 -3.3806 5.63433
1429 -3.21211 5.50398
1430 -3.03138 5.6826
1431 -2.86057 5.82822
1432 -2.67291 5.95244
1433 -2.51239 6.05819
1434 -2.36886 6.14308
1435 -2.22165 6.2066
1436 -2.17438 6.24278
1437 -2.1937 6.24355
1438 -2.25333 6.20236
1439 -2.35829 6.11685
1440 -2.46074 5.98901
1441 -2.55975 5.82014
1442 -2.65489 5.61586
1443 -2.74547 5.38588
1444 -2.83258 5.14258
1445 -2.91408 4.91989
1446 -2.99053 4.88262
1447 -3.06188 4.8755
1448 -3.12783 4.8681
1449 -3.18888 4.92407
1450 -3.24574 5.03282
1451 -3.29797 5.04725
1452 -3.34648 4.95453
1453 -3.39043 4.9311
1454 -3.42999 5.23593
1455 -3.46531 5.51441
1456 -3.49486 5.76019
1457 -3.51719 5.96338
1458 -3.53211 6.10919
1459 -3.53826 6.18513
1460 -3.53347 6.18507
1461 -3.51911 6.11025
1462 -3.65943 5.97011
1463 -3.87525 5.77752
1464 -4.10234 5.54988
1465 -4.41396 5.67913
1466 -4.75663 5.87368
1467 -5.08099 6.09889
1468 -5.38465 6.34754
1469 -5.66686 6.61185
1470 -5.92766 6.88072
1471 -6.16774 7.14284
1472 -6.38924 7.38932
1473 -5.68364 7.65691
1474 -5.38234 7.52523
1475 -5.25983 7.33972
1476 -5.13224 7.09465
1477 -5.01243 6.79103
1478 -4.91779 6.43751
1479 -4.82002 6.04968
1480 -4.71901 5.64753
1481 -4.61484 5.40562
1482 -4.50748 5.37558
1483 -4.39711 5.27969
1484 -4.28371 5.12913
1485 -4.16621 4.93691
1486 -4.04458 4.72281
1487 -3.94831 5.1349
1488 -3.86081 5.46205
1489 -3.75845 5.69099
1490 -3.63988 5.8139
1491 -3.50416 5.83205
1492 -3.35069 5.75838
1493 -3.17895 5.61111
1494 -2.98901 5.70415
1495 -2.78172 5.87175
1496 -2.56174 6.03081
1497 -2.42661 6.18188
1498 -2.28814 6.3192
1499 -2.23201 6.43901
1500 -2.17844 6.53084
1501 -2.11978 6.58205
1502 -2.18344 6.5821
1503 -2.29046 6.52533
1504 -2.39496 6.41253
1505 -2.49595 6.24532
1506 -2.59296 6.03106
1507 -2.68521 5.78249
1508 -2.77357 5.51552
1509 -2.85608 5.24588
1510 -2.93312 4.99466
1511 -3.00462 4.92962
1512 -3.07035 4.98789
1513 -3.13093 5.23717
1514 -3.18705 5.39362
1515 -3.23824 5.44251
1516 -3.28538 5.37711
1517 -3.32768 5.19873
1518 -3.36505 5.39497
1519 -3.39758 5.65559
1520 -3.4236 5.88476
1521 -3.44161 6.07374
1522 -3.45146 6.20828
1523 -3.45199 6.27621
1524 -3.44135 6.27115
1525 -3.54506 6.19411
1526 -3.73274 6.05407
1527 -3.94117 5.86316
1528 -4.16105 5.63742
1529 -4.37259 5.70977
1530 -4.68094 5.88358
1531 -5.00984 6.09001
1532 -5.31732 6.32179
1533 -5.60262 6.57158
1534 -5.86593 6.82857
1535 -6.10803 7.08143
1536 -6.33111 7.3208
1537 -5.75628 7.73511
1538 -5.36759 7.59517
1539 -5.22999 7.39798
1540 -5.10361 7.13811
1541 -4.97198 6.81754
1542 -4.83478 6.44635
1543 -4.73152 6.04177
1544 -4.62857 5.62531
1545 -4.52221 5.41562
1546 -4.41237 5.40659
1547 -4.29928 5.33276
1548 -4.18296 5.20428
1549 -4.06806 5.03318
1550 -4.00609 4.87169
1551 -3.92951 5.28092
1552 -3.83893 5.60511
1553 -3.73343 5.83132
1554 -3.61165 5.95212
1555 -3.47263 5.96883
1556 -3.31577 5.89444
1557 -3.14045 5.74686
1558 -2.94665 5.67033
1559 -2.7352 5.86196
1560 -2.50654 6.05738
1561 -2.33399 6.25476
1562 -2.29381 6.44513
1563 -2.24835 6.62171
1564 -2.19763 6.76962
1565 -2.17798 6.87167
1566 -2.34522 6.91349
1567 -2.49539 6.88636
1568 -2.62962 6.79006
1569 -2.74985 6.62653
1570 -2.85814 6.40482
1571 -2.95592 6.14077
1572 -3.04281 5.85364
1573 -3.11807 5.5625
1574 -3.18223 5.283
1575 -3.23579 5.02234
1576 -3.27806 5.26874
1577 -3.30727 5.55371
1578 -3.32187 5.74591
1579 -3.32208 5.82725
1580 -3.3108 5.78741
1581 -3.29275 5.62496
1582 -3.2894 5.51556
1583 -3.31855 5.75381
1584 -3.34052 5.96175
1585 -3.35387 6.13223
1586 -3.35855 6.25199
1587 -3.36242 6.30964
1588 -3.47137 6.29885
1589 -3.6178 6.22045
1590 -3.79545 6.08285
1591 -3.99292 5.89706
1592 -4.20134 5.67733
1593 -4.40125 5.73531
1594 -4.6066 5.89146
1595 -4.93969 6.08073
1596 -5.25064 6.2957
1597 -5.53873 6.52958
1598 -5.80433 6.77217
1599 -6.04835 7.01249
1600 -6.273 7.24113
1601 -5.82552 7.75145
1602 -5.43022 7.60754
1603 -5.19896 7.40432
1604 -5.07392 7.13645
1605 -4.94371 6.80645
1606 -4.80798 6.42532
1607 -4.66595 6.01132
1608 -4.53265 5.58682
1609 -4.42308 5.36797
1610 -4.30952 5.37966
1611 -4.1923 5.32888
1612 -4.09973 5.2245
1613 -4.05118 5.07708
1614 -3.98628 5.07816
1615 -3.90662 5.47861
1616 -3.81282 5.79156
1617 -3.70401 6.00512
1618 -3.57885 6.11317
1619 -3.4363 6.11808
1620 -3.27576 6.03367
1621 -3.09648 5.87829
1622 -2.89828 5.82155
1623 -2.6819 5.95655
1624 -2.4478 6.07152
1625 -2.33209 6.27132
1626 -2.29574 6.51306
1627 -2.25343 6.74476
1628 -2.31593 6.94734
1629 -2.51538 7.09919
1630 -2.6957 7.18231
1631 -2.85724 7.18525
1632 -3.00114 7.10688
1633 -3.1292 6.94936
1634 -3.24293 6.7233
1635 -3.34299 6.44749
1636 -3.42816 6.14422
1637 -3.49673 5.83546
1638 -3.54863 5.53848
1639 -3.58431 5.2615
1640 -3.60357 5.52149
1641 -3.60576 5.83688
1642 -3.59108 6.05986
1643 -3.56164 6.16945
1644 -3.522 6.15209
1645 -3.47797 6.00384
1646 -3.43431 5.73079
1647 -3.39506 5.8184
1648 -3.36899 6.00181
1649 -3.36513 6.15057
1650 -3.39092 6.25284
1651 -3.45134 6.29832
1652 -3.54989 6.28099
1653 -3.68459 6.20162
1654 -3.8487 6.06791
1655 -4.03125 5.88957
1656 -4.22366 5.67864
1657 -4.40717 5.755
1658 -4.56122 5.89626
1659 -4.87191 6.06962
1660 -5.18573 6.26753
1661 -5.47618 6.48387
1662 -5.74376 6.70928
1663 -5.98952 6.93359
1664 -6.21568 7.14762
1665 -5.89132 7.69907
1666 -5.49109 7.55483
1667 -5.16764 7.3507
1668 -5.04387 7.08131
1669 -4.915 6.74933
1670 -4.78066 6.36623
1671 -4.64 5.95064
1672 -4.49259 5.52517
1673 -4.34239 5.26984
1674 -4.19807 5.30114
1675 -4.11536 5.27335
1676 -4.08191 5.19382
1677 -4.03047 5.07129
1678 -3.96252 5.33569
1679 -3.87964 5.72012
1680 -3.78249 6.01258
1681 -3.67021 6.20301
1682 -3.54145 6.28758
1683 -3.39517 6.2706
1684 -3.23069 6.16754
1685 -3.0471 5.99792
1686 -2.844 6.00291
1687 -2.62202 6.16804
1688 -2.38164 6.3144
1689 -2.32086 6.43427
1690 -2.28821 6.52738
1691 -2.36687 6.81001
1692 -2.5996 7.06334
1693 -2.81294 7.26162
1694 -3.00638 7.38355
1695 -3.18056 7.41528
1696 -3.33669 7.35489
1697 -3.47623 7.20469
1698 -3.59991 6.97671
1699 -3.70719 6.69245
1700 -3.7955 6.37675
1701 -3.86186 6.05397
1702 -3.90546 5.74261
1703 -3.92636 5.45175
1704 -3.92482 5.71804
1705 -3.90143 6.05622
1706 -3.85844 6.3032
1707 -3.80005 6.43578
1708 -3.73267 6.43758
1709 -3.66337 6.30248
1710 -3.59736 6.03479
1711 -3.53865 5.89194
1712 -3.49588 6.02555
1713 -3.47778 6.13951
1714 -3.49105 6.22308
1715 -3.53958 6.25565
1716 -3.62542 6.23173
1717 -3.74533 6.15203
1718 -3.89217 6.02345
1719 -4.05562 5.85419
1720 -4.22752 5.67178
1721 -4.38999 5.76914
1722 -4.52365 5.8976
1723 -4.80905 6.05575
1724 -5.12472 6.23596
1725 -5.41674 6.4329
1726 -5.68573 6.63834
1727 -5.93281 6.84322
1728 -6.16024 7.03893
1729 -5.95333 7.57677
1730 -5.55002 7.43498
1731 -5.14275 7.23429
1732 -5.01837 6.96918
1733 -4.88686 6.64218
1734 -4.75331 6.26481
1735 -4.61383 5.8555
1736 -4.5005 5.43646
1737 -4.36115 5.13749
1738 -4.19429 5.18648
1739 -4.09694 5.18043
1740 -4.06064 5.12499
1741 -4.00618 5.18657
1742 -3.93501 5.62858
1743 -3.84874 5.98919
1744 -3.74803 6.25194
1745 -3.63206 6.4095
1746 -3.49949 6.4611
1747 -3.34921 6.41394
1748 -3.18051 6.2859
1749 -2.9923 6.09812
1750 -2.78391 6.13787
1751 -2.55582 6.33168
1752 -2.3219 6.50831
1753 -2.30064 6.65815
1754 -2.32372 6.77387
1755 -2.58742 6.84357
1756 -2.83258 7.11148
1757 -3.05813 7.35026
1758 -3.26409 7.50623
1759 -3.45156 7.56355
1760 -3.62188 7.51974
1761 -3.77605 7.37723
1762 -3.91359 7.14922
1763 -4.03243 6.85953
1764 -4.12839 6.53503
1765 -4.197 6.20185
1766 -4.23635 5.87935
1767 -4.24608 5.57733
1768 -4.22686 5.83302
1769 -4.18062 6.18466
1770 -4.11189 6.44767
1771 -4.02705 6.59742
1772 -3.93432 6.61531
1773 -3.84201 6.49337
1774 -3.75577 6.23409
1775 -3.67943 6.12244
1776 -3.62132 6.23972
1777 -3.5896 6.30347
1778 -3.59007 6.31458
1779 -3.6254 6.27408
1780 -3.69637 6.18368
1781 -3.79873 6.08649
1782 -3.92498 5.96404
1783 -4.06565 5.80486
1784 -4.21308 5.68978
1785 -4.35057 5.77919
1786 -4.46008 5.89606
1787 -4.75106 6.03901
1788 -5.06736 6.20047
1789 -5.36004 6.37608
1790 -5.6298 6.55898
1791 -5.87777 6.74144
1792 -6.10618 6.91568
1793 -6.01098 7.38975
1794 -5.60659 7.25234
1795 -5.17459 7.05849
1796 -5.00471 6.80253
1797 -4.90073 6.48659
1798 -4.84032 6.12195
1799 -4.75382 5.72628
1800 -4.64 5.32077
1801 -4.49752 5.07539
1802 -4.32681 5.05632
1803 -4.13096 5.06939
1804 -4.03567 5.03555
1805 -3.97801 5.51813
1806 -3.90345 5.9375
1807 -3.81358 6.26639
1808 -3.70909 6.49093
1809 -3.58921 6.60724
1810 -3.45261 6.61834
1811 -3.29811 6.53495
1812 -3.12497 6.37792
1813 -2.93192 6.17035
1814 -2.718 6.23159
1815 -2.48353 6.45111
1816 -2.28826 6.6552
1817 -2.27194 6.83257
1818 -2.47705 6.97496
1819 -2.75025 7.06827
1820 -3.00465 7.10362
1821 -3.2401 7.35442
1822 -3.45736 7.53835
1823 -3.65808 7.61718
1824 -3.84373 7.58805
1825 -4.01467 7.45348
1826 -4.16901 7.2275
1827 -4.3029 6.93564
1828 -4.41024 6.60611
1829 -4.48501 6.26628
1830 -4.52405 5.93602
1831 -4.52642 5.62581
1832 -4.49327 5.85363
1833 -4.42802 6.20801
1834 -4.33754 6.47802
1835 -4.23028 6.6385
1836 -4.11613 6.66927
1837 -4.00448 6.56086
1838 -3.9013 6.31389
1839 -3.81024 6.3104
1840 -3.73906 6.41392
1841 -3.69513 6.46572
1842 -3.68314 6.46745
1843 -3.7046 6.42034
1844 -3.75926 6.32607
1845 -3.8421 6.18723
1846 -3.94545 6.0043
1847 -4.06088 5.77428
1848 -4.18124 5.70459
1849 -4.29116 5.78711
1850 -4.37411 5.89254
1851 -4.69776 6.01949
1852 -5.01354 6.16074
1853 -5.30606 6.31303
1854 -5.57604 6.47102
1855 -5.82455 6.62851
1856 -6.05374 6.77868
1857 -6.06523 7.14566
1858 -5.66156 7.01393
1859 -5.23072 6.8295
1860 -5.03975 6.58659
1861 -5.00947 6.28672
1862 -4.95304 5.94075
1863 -4.86881 5.56513
1864 -4.7556 5.19963
1865 -4.61226 5.11151
1866 -4.43937 4.95967
1867 -4.2402 4.96085
1868 -4.01821 5.37862
1869 -3.94591 5.85079
1870 -3.86778 6.24064
1871 -3.77411 6.53066
1872 -3.66563 6.71015
1873 -3.54162 6.77918
1874 -3.40079 6.7449
1875 -3.2419 6.62189
1876 -3.06417 6.43423
1877 -2.86615 6.20708
1878 -2.64663 6.28625
1879 -2.40578 6.52725
1880 -2.24565 6.75468
1881 -2.27504 6.95583
1882 -2.57076 7.12169
1883 -2.8491 7.23627
1884 -3.10903 7.28835
1885 -3.35144 7.27469
1886 -3.578 7.47907
1887 -3.791 7.57427
1888 -3.99199 7.55719
1889 -4.18058 7.43034
1890 -4.35336 7.2082
1891 -4.50461 6.91718
1892 -4.62613 6.58609
1893 -4.71032 6.24287
1894 -4.7527 5.90769
1895 -4.75167 5.78023
1896 -4.70892 5.77885
1897 -4.6294 6.12543
1898 -4.52222 6.39372
1899 -4.39769 6.55886
1900 -4.26707 6.59973
1901 -4.14055 6.5056
1902 -4.02438 6.31681
1903 -3.92201 6.45594
1904 -3.84047 6.54866
1905 -3.78613 6.59114
1906 -3.76258 6.58558
1907 -3.77033 6.53325
1908 -3.80823 6.43581
1909 -3.87078 6.2954
1910 -3.95041 6.11163
1911 -4.03993 5.8801
1912 -4.13256 5.71965
1913 -4.21431 5.7957
1914 -4.31299 5.88955
1915 -4.64956 5.99987
1916 -4.96374 6.12002
1917 -5.25527 6.24798
1918 -5.52486 6.37993
1919 -5.77348 6.51125
1920 -6.00319 6.63616
1921 -6.11826 6.85452
1922 -5.71648 6.72894
1923 -5.28825 6.55544
1924 -5.10875 6.32817
1925 -5.08841 6.04801
1926 -5.04031 5.72524
1927 -4.96224 5.3748
1928 -4.85283 5.20144
1929 -4.71108 5.11714
1930 -4.53777 4.96296
1931 -4.33651 5.18574
1932 -4.11104 5.71054
1933 -3.90939 6.15873
1934 -3.82746 6.51276
1935 -3.72978 6.75828
1936 -3.61709 6.88829
1937 -3.48875 6.90709
1938 -3.3435 6.82576
1939 -3.18011 6.66276
1940 -2.99772 6.44539
1941 -2.79477 6.20075
1942 -2.56984 6.30704
1943 -2.32291 6.56453
1944 -2.19326 6.81008
1945 -2.30682 7.02999
1946 -2.60317 7.2147
1947 -2.88212 7.34681
1948 -3.14361 7.41323
1949 -3.38964 7.40367
1950 -3.62282 7.33363
1951 -3.84614 7.44013
1952 -4.06122 7.43255
1953 -4.26691 7.31326
1954 -4.45826 7.09674
1955 -4.62772 6.80944
1956 -4.76499 6.47994
1957 -4.86095 6.13623
1958 -4.90979 5.95064
1959 -4.90933 5.93004
1960 -4.86169 5.85958
1961 -4.77321 5.94773
1962 -4.65502 6.20685
1963 -4.51897 6.37159
1964 -4.37723 6.4204
1965 -4.24053 6.3416
1966 -4.11541 6.42683
1967 -4.00506 6.55788
1968 -3.91574 6.64324
1969 -3.85285 6.67918
1970 -3.819 6.66823
1971 -3.81385 6.61164
1972 -3.8356 6.51111
1973 -3.87854 6.36864
1974 -3.93543 6.18329
1975 -4.00036 5.94978
1976 -4.06682 5.73916
1977 -4.13142 5.8091
1978 -4.33231 5.89162
1979 -4.60651 5.98551
1980 -4.91815 6.08496
1981 -5.20799 6.1891
1982 -5.47661 6.29564
1983 -5.72488 6.40142
1984 -5.95477 6.50166
1985 -6.16958 6.52904
1986 -5.77056 6.40921
1987 -5.34607 6.24699
1988 -5.14516 6.03658
1989 -5.13913 5.7782
1990 -5.10357 5.48153
1991 -5.03551 5.15985
1992 -4.93322 5.15816
1993 -4.79573 5.08752
1994 -4.62409 4.94068
1995 -4.42226 5.48868
1996 -4.19451 5.99586
1997 -3.94893 6.41344
1998 -3.78241 6.72605
1999 -3.68049 6.92305
2000 -3.56338 7.00141
2001 -3.43052 6.96976
2002 -3.28071 6.8428
2003 -3.11272 6.64254
2004 -2.92568 6.39907
2005 -2.71799 6.141
2006 -2.48803 6.30142
2007 -2.23563 6.56945
2008 -2.13014 6.82664
2009 -2.28426 7.05874
2010 -2.57649 7.25596
2011 -2.85174 7.40012
2012 -3.11091 7.47696
2013 -3.357 7.47511
2014 -3.59362 7.39215
2015 -3.82446 7.2315
2016 -4.05121 7.227
2017 -4.27199 7.11498
2018 -4.48045 6.90544
2019 -4.66744 6.62405
2020 -4.82066 6.29855
2021 -4.92967 6.02788
2022 -4.98745 6.04646
2023 -4.99127 6.00556
2024 -4.94355 5.91192
2025 -4.85168 5.77663
2026 -4.72841 5.94556
2027 -4.58674 6.10645
2028 -4.43923 6.16175
2029 -4.2969 6.32224
2030 -4.16654 6.48981
2031 -4.05122 6.61746
2032 -3.95655 6.69953
2033 -3.88709 6.73209
2034 -3.8446 6.71774
2035 -3.82815 6.6577
2036 -3.8356 6.55383
2037 -3.86124 6.40827
2038 -3.89821 6.22004
2039 -3.98566 5.98375
2040 -4.05209 5.7673
2041 -4.18527 5.83193
2042 -4.38206 5.90426
2043 -4.57798 5.98324
2044 -4.87686 6.06399
2045 -5.16439 6.14678
2046 -5.43152 6.23065
2047 -5.67902 6.31365
2048 -5.9088 6.39187
2049 -6.21864 6.18223
2050 -5.82316 6.06743
2051 -5.40337 5.91622
2052 -5.14803 5.72292
2053 -5.16019 5.48718
2054 -5.14114 5.21814
2055 -5.08694 5.0429
2056 -4.99541 5.06929
2057 -4.8655 5.02046
2058 -4.69844 5.15443
2059 -4.4986 5.72467
2060 -4.27075 6.20687
2061 -4.02332 6.58772
2062 -3.76385 6.85472
2063 -3.6263 7.00134
2064 -3.50462 7.02862
2065 -3.3671 6.9494
2066 -3.21262 6.7816
2067 -3.03999 6.55004
2068 -2.84841 6.28694
2069 -2.63625 6.02161
2070 -2.40178 6.27437
2071 -2.1447 6.5467
2072 -2.05596 6.80865
2073 -2.21097 7.04579
2074 -2.49508 7.24842
2075 -2.76297 7.39832
2076 -3.01631 7.48084
2077 -3.25897 7.48411
2078 -3.49555 7.4054
2079 -3.73043 7.24802
2080 -3.96534 7.01158
2081 -4.19781 6.85568
2082 -4.42043 6.65461
2083 -4.62274 6.38113
2084 -4.7908 6.0615
2085 -4.91312 6.05735
2086 -4.98163 6.06567
2087 -4.99302 6.0102
2088 -4.94985 5.90001
2089 -4.86009 5.74894
2090 -4.73753 5.7426
2091 -4.59585 5.94273
2092 -4.44753 6.13562
2093 -4.30363 6.33828
2094 -4.17122 6.50808
2095 -4.05353 6.63786
2096 -3.95572 6.72151
2097 -3.88172 6.7546
2098 -3.83268 6.73937
2099 -3.80736 6.67701
2100 -3.80355 6.56963
2101 -3.91914 6.4199
2102 -4.02299 6.22734
2103 -4.1047 5.98718
2104 -4.16443 5.80581
2105 -4.24568 5.86634
2106 -4.43896 5.93026
2107 -4.63069 5.99673
2108 -4.83817 6.06187
2109 -5.12311 6.12694
2110 -5.38851 6.19207
2111 -5.63504 6.25623
2112 -5.86458 6.31617
2113 -6.26612 5.82583
2114 -5.87471 5.71525
2115 -5.46027 5.57434
2116 -5.11565 5.39763
2117 -5.14906 5.18432
2118 -5.14998 4.94306
2119 -5.11337 4.87981
2120 -5.03645 4.93684
2121 -4.91796 4.91494
2122 -4.75923 5.32423
2123 -4.5649 5.87556
2124 -4.34019 6.32703
2125 -4.09382 6.6674
2126 -3.8334 6.88732
2127 -3.56932 6.98461
2128 -3.44131 6.96432
2129 -3.29897 6.84321
2130 -3.1397 6.64164
2131 -2.96241 6.38654
2132 -2.76635 6.11137
2133 -2.54997 5.96489
2134 -2.31151 6.22775
2135 -2.17962 6.49785
2136 -2.09969 6.75738
2137 -2.093 6.99218
2138 -2.36623 7.19284
2139 -2.62413 7.34187
2140 -2.86889 7.42507
2141 -3.10508 7.43072
2142 -3.3382 7.35589
2143 -3.57322 7.20366
2144 -3.81199 6.97375
2145 -4.05167 6.66295
2146 -4.28417 6.36789
2147 -4.49817 6.10414
2148 -4.67863 5.92736
2149 -4.81338 6.00732
2150 -4.89345 6.01188
2151 -4.91493 5.94986
2152 -4.88022 5.83203
2153 -4.79734 5.67425
2154 -4.68053 5.85974
2155 -4.54367 6.06575
2156 -4.39869 6.21894
2157 -4.25649 6.31817
2158 -4.12458 6.48317
2159 -4.00658 6.62089
2160 -3.90753 6.71139
2161 -3.83098 6.74942
2162 -3.77781 6.73649
2163 -3.79322 6.67363
2164 -3.92443 6.56331
2165 -4.03952 6.40904
2166 -4.13518 6.2112
2167 -4.20997 5.96648
2168 -4.26417 5.85387
2169 -4.30877 5.91211
2170 -4.49929 5.97008
2171 -4.68749 6.02712
2172 -4.87256 6.08036
2173 -5.08345 6.13181
2174 -5.34695 6.18243
2175 -5.59234 6.23179
2176 -5.82146 6.28535
2177 -6.31241 5.51703
2178 -5.92542 5.36427
2179 -5.51672 5.23253
2180 -5.09562 5.07115
2181 -5.10245 4.87904
2182 -5.1259 4.66439
2183 -5.11017 4.67969
2184 -5.05167 4.76794
2185 -4.94884 4.83184
2186 -4.80288 5.40213
2187 -4.6185 5.9289
2188 -4.40125 6.34611
2189 -4.15997 6.64478
2190 -3.90232 6.81887
2191 -3.63835 6.87041
2192 -3.37714 6.80821
2193 -3.22686 6.65247
2194 -3.06273 6.42525
2195 -2.88074 6.15481
2196 -2.68026 5.87507
2197 -2.45988 5.90562
2198 -2.3575 6.16078
2199 -2.28072 6.42171
2200 -2.19628 6.67145
2201 -2.10235 6.89657
2202 -2.19827 7.08811
2203 -2.44471 7.22994
2204 -2.6792 7.3091
2205 -2.90672 7.31457
2206 -3.13342 7.24339
2207 -3.36482 7.09839
2208 -3.60293 6.87921
2209 -3.84476 6.58253
2210 -4.08193 6.21317
2211 -4.30286 5.81055
2212 -4.49193 5.79553
2213 -4.63679 5.88178
2214 -4.72784 5.8909
2215 -4.76055 5.83232
2216 -4.73684 5.71773
2217 -4.66428 5.67924
2218 -4.55693 5.93587
2219 -4.4284 6.14641
2220 -4.28984 6.30032
2221 -4.1518 6.39633
2222 -4.02239 6.43523
2223 -3.90579 6.56612
2224 -3.80722 6.66861
2225 -3.73024 6.71617
2226 -3.77561 6.7093
2227 -3.91164 6.64876
2228 -4.03616 6.53734
2229 -4.14467 6.37949
2230 -4.23419 6.17676
2231 -4.30356 5.9279
2232 -4.35329 5.90822
2233 -4.38724 5.96654
2234 -4.55887 6.02164
2235 -4.74452 6.07303
2236 -4.92637 6.11869
2237 -5.1031 6.16114
2238 -5.30618 6.20182
2239 -5.55034 6.24069
2240 -5.77899 6.27548
2241 -6.35718 5.53477
2242 -5.9749 5.12684
2243 -5.57221 4.90035
2244 -5.15836 4.75251
2245 -5.0172 4.57956
2246 -5.0646 4.66089
2247 -5.0723 4.6898
2248 -5.03581 4.83278
2249 -4.95304 4.94513
2250 -4.8248 5.38072
2251 -4.65557 5.87963
2252 -4.45099 6.26178
2253 -4.21985 6.52035
2254 -3.96974 6.65256
2255 -3.71033 6.66425
2256 -3.45063 6.56754
2257 -3.19901 6.38547
2258 -2.9825 6.14116
2259 -2.86312 5.86337
2260 -2.74457 5.60512
2261 -2.61016 5.82974
2262 -2.45996 6.07119
2263 -2.36231 6.31637
2264 -2.27349 6.54955
2265 -2.17842 6.75843
2266 -2.07153 6.93472
2267 -2.23318 7.06399
2268 -2.45682 7.13514
2269 -2.67452 7.13833
2270 -2.8928 7.07064
2271 -3.11757 6.93463
2272 -3.351 6.72975
2273 -3.59007 6.45251
2274 -3.82654 6.10652
2275 -4.04909 5.70435
2276 -4.2422 5.58634
2277 -4.39373 5.6857
2278 -4.49381 5.70861
2279 -4.53742 5.66438
2280 -4.52576 5.56472
2281 -4.46544 5.70619
2282 -4.36979 5.96917
2283 -4.2518 6.18422
2284 -4.12171 6.3395
2285 -3.98965 6.43339
2286 -3.86429 6.46711
2287 -3.75057 6.47415
2288 -3.65422 6.59335
2289 -3.73869 6.65511
2290 -3.87856 6.65863
2291 -4.0109 6.60426
2292 -4.1314 6.49496
2293 -4.23571 6.33606
2294 -4.32097 6.1304
2295 -4.3863 5.89488
2296 -4.43249 5.96485
2297 -4.46348 6.02607
2298 -4.61525 6.08182
2299 -4.79953 6.13175
2300 -4.97925 6.17451
2301 -5.15322 6.21286
2302 -5.3199 6.24847
2303 -5.50976 6.28138
2304 -5.73804 6.30971
2305 -6.40036 5.54835
2306 -6.02291 5.14005
2307 -5.62627 4.82108
2308 -5.21961 4.61928
2309 -4.88876 4.56064
2310 -4.95972 4.65223
2311 -4.99202 4.8054
2312 -4.98026 4.96043
2313 -4.9216 5.06062
2314 -4.81616 5.25472
2315 -4.66777 5.72517
2316 -4.48187 6.07453
2317 -4.26688 6.29795
2318 -4.03023 6.39542
2319 -3.78104 6.37598
2320 -3.52806 6.25452
2321 -3.27979 6.05616
2322 -3.14566 5.80437
2323 -3.04216 5.5277
2324 -2.92431 5.52685
2325 -2.79175 5.73533
2326 -2.64436 5.95717
2327 -2.48146 6.18046
2328 -2.32616 6.39104
2329 -2.23041 6.5781
2330 -2.12603 6.73407
2331 -2.00608 6.84647
2332 -2.21055 6.90644
2333 -2.41841 6.90557
2334 -2.62746 6.84103
2335 -2.84374 6.71497
2336 -3.06948 6.52664
2337 -3.30175 6.27241
2338 -3.5327 5.9546
2339 -3.7518 5.58382
2340 -3.94425 5.33809
2341 -4.09859 5.42712
2342 -4.20493 5.47271
2343 -4.25803 5.45329
2344 -4.25828 5.38569
2345 -4.21093 5.69042
2346 -4.12808 5.95952
2347 -4.02181 6.17971
2348 -3.90145 6.33772
2349 -3.77657 6.43124
2350 -3.65639 6.46179
2351 -3.54674 6.43063
2352 -3.68081 6.4879
2353 -3.82335 6.56836
2354 -3.96196 6.58693
2355 -4.09268 6.54328
2356 -4.21121 6.44035
2357 -4.31317 6.28417
2358 -4.3957 6.07871
2359 -4.45815 5.93909
2360 -4.50161 6.01749
2361 -4.53015 6.08556
2362 -4.66777 6.14645
2363 -4.85183 6.19985
2364 -5.03046 6.2449
2365 -5.20262 6.28433
2366 -5.36695 6.3198
2367 -5.52198 6.35129
2368 -5.69871 6.37724
2369 -6.44224 5.55731
2370 -6.06944 5.14844
2371 -5.67855 4.89313
2372 -5.27864 4.76393
2373 -4.88009 4.63555
2374 -4.80768 4.72447
2375 -4.86353 4.92675
2376 -4.8774 5.07329
2377 -4.84566 5.15851
2378 -4.76743 5.18153
2379 -4.64553 5.46792
2380 -4.48471 5.78923
2381 -4.2927 5.98493
2382 -4.07649 6.05715
2383 -3.84445 6.01731
2384 -3.60484 5.88235
2385 -3.40917 5.67871
2386 -3.31888 5.42948
2387 -3.21532 5.25982
2388 -3.09848 5.43484
2389 -2.96806 5.62201
2390 -2.8238 5.81888
2391 -2.66474 6.01483
2392 -2.48981 6.1976
2393 -2.29904 6.35807
2394 -2.15511 6.4893
2395 -2.03992 6.58091
2396 -1.94803 6.6265
2397 -2.14699 6.61928
2398 -2.34713 6.55655
2399 -2.55432 6.43996
2400 -2.77064 6.26864
2401 -2.9933 6.0389
2402 -3.21499 5.75188
2403 -3.42627 5.41602
2404 -3.6137 5.10288
2405 -3.76693 5.20139
2406 -3.87638 5.23595
2407 -3.93668 5.2085
2408 -3.94753 5.32475
2409 -3.91268 5.63512
2410 -3.84261 5.91019
2411 -3.74829 6.13608
2412 -3.63811 6.29804
2413 -3.52102 6.39293
2414 -3.46003 6.42233
2415 -3.60391 6.3868
2416 -3.74721 6.3511
2417 -3.88963 6.45481
2418 -4.02813 6.49358
2419 -4.15857 6.46612
2420 -4.27656 6.37502
2421 -4.37753 6.22665
2422 -4.45853 6.02573
2423 -4.51906 5.96605
2424 -4.56055 6.05756
2425 -4.58722 6.1376
2426 -4.71634 6.20907
2427 -4.90138 6.27156
2428 -5.08009 6.32444
2429 -5.25145 6.37021
2430 -5.41427 6.41037
2431 -5.56733 6.44479
2432 -5.70891 6.4722
2433 -6.48197 5.56135
2434 -6.1135 5.24085
2435 -5.72791 5.09786
2436 -5.33412 4.95103
2437 -4.94226 4.80099
2438 -4.76001 4.81972
2439 -4.68956 5.01792
2440 -4.72821 5.15352
2441 -4.72448 5.22184
2442 -4.67643 5.22327
2443 -4.5855 5.1638
2444 -4.45539 5.41031
2445 -4.29272 5.58692
2446 -4.10376 5.64458
2447 -3.89588 5.59606
2448 -3.67655 5.4595
2449 -3.57379 5.2618
2450 -3.48283 5.02499
2451 -3.37959 5.17011
2452 -3.26406 5.32442
2453 -3.13597 5.48618
2454 -2.99497 5.65402
2455 -2.8399 5.8186
2456 -2.66954 5.96968
2457 -2.48356 6.09996
2458 -2.28373 6.20305
2459 -2.07131 6.27053
2460 -1.91165 6.29862
2461 -1.86664 6.28228
2462 -2.0592 6.219
2463 -2.25787 6.11005
2464 -2.46441 5.95454
2465 -2.67607 5.74882
2466 -2.88614 5.49306
2467 -3.08645 5.19357
2468 -3.26524 4.86312
2469 -3.41371 4.944
2470 -3.52296 5.01141
2471 -3.58764 5.0261
2472 -3.60685 5.22952
2473 -3.58289 5.54446
2474 -3.52453 5.82476
2475 -3.44146 6.05614
2476 -3.34115 6.2224
2477 -3.36807 6.31953
2478 -3.5117 6.34914
2479 -3.65476 6.31102
2480 -3.79772 6.2096
2481 -3.94012 6.31417
2482 -4.07887 6.37789
2483 -4.20963 6.37214
2484 -4.32782 6.2987
2485 -4.42862 6.16377
2486 -4.50891 5.97247
2487 -4.56833 5.96498
2488 -4.60858 6.07462
2489 -4.63405 6.17195
2490 -4.76072 6.2594
2491 -4.94807 6.33631
2492 -5.12806 6.40203
2493 -5.29963 6.45869
2494 -5.46174 6.50758
2495 -5.61337 6.54845
2496 -5.75306 6.58036
2497 -6.51804 5.56586
2498 -6.15364 5.41808
2499 -5.77291 5.26002
2500 -5.38462 5.09476
2501 -4.99862 4.92279
2502 -4.77983 4.87414
2503 -4.64749 5.06574
2504 -4.54031 5.18878
2505 -4.56401 5.23956
2506 -4.54721 5.21963
2507 -4.48985 5.13621
2508 -4.39429 4.99764
2509 -4.26572 5.11143
2510 -4.10944 5.16515
2511 -3.93165 5.11953
2512 -3.80734 4.99304
2513 -3.72742 4.81207
2514 -3.63609 4.93747
2515 -3.53336 5.06605
2516 -3.41922 5.19659
2517 -3.29342 5.33012
2518 -3.15555 5.46633
2519 -3.00428 5.59703
2520 -2.83836 5.71407
2521 -2.6571 5.81195
2522 -2.46159 5.88471
2523 -2.25241 5.92569
2524 -2.02973 5.93364
2525 -1.90011 5.90531
2526 -2.01284 5.83849
2527 -2.11066 5.73432
2528 -2.19363 5.59197
2529 -2.35741 5.40799
2530 -2.55505 5.18186
2531 -2.74268 4.91799
2532 -2.9105 4.81345
2533 -3.05146 4.78591
2534 -3.15758 4.75664
2535 -3.22376 4.79939
2536 -3.24864 5.10523
2537 -3.23328 5.42306
2538 -3.18482 5.70675
2539 -3.13375 5.94191
2540 -3.26801 6.11111
2541 -3.40786 6.20963
2542 -3.54901 6.23921
2543 -3.69044 6.19904
2544 -3.83246 6.09247
2545 -3.97451 6.14623
2546 -4.11346 6.23859
2547 -4.24478 6.25934
2548 -4.36367 6.20904
2549 -4.46498 6.09318
2550 -4.54537 5.91689
2551 -4.60458 5.92569
2552 -4.64454 6.0581
2553 -4.66973 6.17751
2554 -4.80125 6.28567
2555 -4.99233 6.3815
2556 -5.17484 6.46408
2557 -5.34767 6.53508
2558 -5.50986 6.59557
2559 -5.66065 6.64526
2560 -5.79884 6.68362
2561 -6.54867 5.70762
2562 -6.18808 5.54723
2563 -5.81177 5.37385
2564 -5.42833 5.1903
2565 -5.04734 4.99718
2566 -4.79859 4.88317
2567 -4.67007 5.06682
2568 -4.53789 5.17716
2569 -4.4027 5.21142
2570 -4.38503 5.17204
2571 -4.36173 5.06713
2572 -4.30242 4.90567
2573 -4.21074 4.6976
2574 -4.09079 4.62221
2575 -4.02176 4.59022
2576 -3.95173 4.57336
2577 -3.87073 4.71905
2578 -3.77904 4.84105
2579 -3.67667 4.94957
2580 -3.56358 5.05473
2581 -3.4396 5.15891
2582 -3.30427 5.26279
2583 -3.15612 5.35905
2584 -2.99399 5.44151
2585 -2.81695 5.50644
2586 -2.62549 5.54818
2587 -2.42737 5.56154
2588 -2.25439 5.54756
2589 -2.08027 5.50467
2590 -2.08004 5.43116
2591 -2.17986 5.32819
2592 -2.264 5.19531
2593 -2.33303 5.02941
2594 -2.39249 4.95426
2595 -2.45061 4.90509
2596 -2.55599 4.86395
2597 -2.68818 4.82524
2598 -2.78938 4.78277
2599 -2.85495 4.72982
2600 -2.88327 4.95781
2601 -2.94168 5.27629
2602 -3.05092 5.56057
2603 -3.17002 5.79644
2604 -3.29867 5.96565
2605 -3.43355 6.0631
2606 -3.57068 6.09087
2607 -3.70903 6.04775
2608 -3.84884 5.93625
2609 -3.98952 5.95048
2610 -4.128 6.07383
2611 -4.25959 6.12481
2612 -4.3793 6.10249
2613 -4.48165 6.01116
2614 -4.56304 5.85542
2615 -4.62323 5.84237
2616 -4.66428 6.00116
2617 -4.69071 6.14634
2618 -4.83758 6.27872
2619 -5.03372 6.39667
2620 -5.21997 6.49884
2621 -5.39508 6.58638
2622 -5.5582 6.66015
2623 -5.70877 6.71995
2624 -5.84596 6.76574
2625 -6.57288 5.79751
2626 -6.21566 5.62504
2627 -5.84317 5.43715
2628 -5.46382 5.23657
2629 -5.087 5.02419
2630 -4.81565 4.84746
2631 -4.69038 5.02362
2632 -4.56162 5.12303
2633 -4.42984 5.14364
2634 -4.35479 5.08848
2635 -4.3373 4.96616
2636 -4.30882 4.78589
2637 -4.2691 4.55817
2638 -4.21796 4.29218
2639 -4.15617 4.31518
2640 -4.08474 4.4875
2641 -4.0029 4.62244
2642 -3.91092 4.72917
2643 -3.80879 4.81738
2644 -3.69644 4.89747
2645 -3.57375 4.97317
2646 -3.44025 5.04601
2647 -3.30285 5.10919
2648 -3.18034 5.15839
2649 -3.0363 5.19143
2650 -2.87439 5.20296
2651 -2.69933 5.18892
2652 -2.51576 5.15231
2653 -2.32874 5.12802
2654 -2.14089 5.14461
2655 -2.2244 5.13396
2656 -2.31135 5.10174
2657 -2.38261 5.05473
2658 -2.44381 5.00175
2659 -2.50318 4.94966
2660 -2.56466 4.90034
2661 -2.63193 4.84973
2662 -2.70811 4.79321
2663 -2.79252 4.85156
2664 -2.88321 4.94577
2665 -2.97884 5.10494
2666 -3.08145 5.38588
2667 -3.19332 5.61804
2668 -3.31465 5.7829
2669 -3.4426 5.87548
2670 -3.57362 5.89843
2671 -3.7068 5.8504
2672 -3.84245 5.73331
2673 -3.98008 5.72287
2674 -4.11685 5.87807
2675 -4.24803 5.96188
2676 -4.36849 5.97167
2677 -4.47245 5.91005
2678 -4.55605 5.7805
2679 -4.61893 5.71384
2680 -4.66312 5.90165
2681 -4.69304 6.07523
2682 -4.87004 6.23431
2683 -5.07214 6.37655
2684 -5.2629 6.50005
2685 -5.44096 6.60544
2686 -5.60553 6.69349
2687 -5.7563 6.76415
2688 -5.8928 6.81793
2689 -6.58911 5.83755
2690 -6.23486 5.65379
2691 -5.86565 5.45252
2692 -5.48973 5.23652
2693 -5.1163 5.00717
2694 -4.83066 4.77047
2695 -4.70806 4.94117
2696 -4.58209 5.03293
2697 -4.48989 5.04421
2698 -4.48307 4.97827
2699 -4.46451 4.84382
2700 -4.43467 4.65008
2701 -4.39346 4.40788
2702 -4.34084 4.26045
2703 -4.2777 4.21478
2704 -4.20524 4.40606
2705 -4.12281 4.6033
2706 -4.03059 4.73881
2707 -3.9286 4.8118
2708 -3.81675 4.82221
2709 -3.72932 4.84483
2710 -3.66518 4.82247
2711 -3.5733 4.85557
2712 -3.45554 4.87407
2713 -3.31308 4.87726
2714 -3.14928 4.86007
2715 -2.9687 4.90128
2716 -2.77609 5.00654
2717 -2.57699 5.07925
2718 -2.37478 5.11739
2719 -2.24331 5.12598
2720 -2.33464 5.1092
2721 -2.40987 5.07266
2722 -2.47469 5.02421
2723 -2.53715 4.97074
2724 -2.60083 4.91483
2725 -2.6689 4.90003
2726 -2.74438 5.04413
2727 -2.82638 5.16872
2728 -2.91289 5.26468
2729 -3.00273 5.32703
2730 -3.09807 5.35693
2731 -3.20153 5.39981
2732 -3.31382 5.55522
2733 -3.43275 5.63849
2734 -3.55532 5.65309
2735 -3.68098 5.5978
2736 -3.8102 5.47415
2737 -3.94278 5.45928
2738 -4.07632 5.64573
2739 -4.20628 5.76379
2740 -4.32748 5.80889
2741 -4.43385 5.78149
2742 -4.52122 5.73777
2743 -4.58899 5.73708
2744 -4.63894 5.76061
2745 -4.68029 5.96393
2746 -4.89965 6.1509
2747 -5.10802 6.31841
2748 -5.30348 6.46397
2749 -5.48458 6.58772
2750 -5.65063 6.69042
2751 -5.80156 6.77227
2752 -5.93729 6.83438
2753 -6.59566 5.82935
2754 -6.24416 5.63536
2755 -5.87789 5.42215
2756 -5.50497 5.19276
2757 -5.13441 4.94922
2758 -4.84355 4.6979
2759 -4.72309 4.82344
2760 -4.59981 4.91176
2761 -4.60485 4.91886
2762 -4.59741 4.84792
2763 -4.57794 4.70746
2764 -4.54699 4.5066
2765 -4.50452 4.44213
2766 -4.45065 4.41769
2767 -4.38635 4.34495
2768 -4.31301 4.36121
2769 -4.23002 4.57594
2770 -4.13747 4.73169
2771 -4.0354 4.82818
2772 -3.97609 4.92323
2773 -3.95438 4.98244
2774 -3.90263 4.94227
2775 -3.82179 4.80323
2776 -3.71268 4.64475
2777 -3.5758 4.57931
2778 -3.41389 4.63399
2779 -3.23108 4.78143
2780 -3.03209 4.90309
2781 -2.82282 4.99491
2782 -2.6074 5.05303
2783 -2.38486 5.08027
2784 -2.33143 5.07926
2785 -2.41257 5.05438
2786 -2.4829 5.01245
2787 -2.55021 4.96023
2788 -2.61765 4.97739
2789 -2.68789 5.13004
2790 -2.76377 5.27309
2791 -2.84411 5.39848
2792 -2.92681 5.49639
2793 -3.01086 5.56173
2794 -3.09844 5.59487
2795 -3.19244 5.59539
2796 -3.29412 5.56403
2797 -3.40194 5.49963
2798 -3.51371 5.40025
2799 -3.62939 5.2866
2800 -3.74978 5.19734
2801 -3.87521 5.23627
2802 -4.00394 5.37682
2803 -4.13184 5.54937
2804 -4.25381 5.69579
2805 -4.36356 5.80443
2806 -4.45653 5.8663
2807 -4.53173 5.87692
2808 -4.5904 5.83642
2809 -4.70129 5.81258
2810 -4.92826 6.02722
2811 -5.14288 6.21983
2812 -5.34297 6.38728
2813 -5.52702 6.52928
2814 -5.69446 6.64664
2815 -5.84547 6.73987
2816 -5.98037 6.81062
2817 -6.59179 5.76829
2818 -6.24292 5.56596
2819 -5.87942 5.34334
2820 -5.50923 5.10385
2821 -5.14122 4.85025
2822 -4.85433 4.58951
2823 -4.73554 4.68698
2824 -4.70292 4.82119
2825 -4.70759 4.87291
2826 -4.69956 4.84485
2827 -4.67926 4.74287
2828 -4.64728 4.57403
2829 -4.60365 4.57512
2830 -4.54858 4.55879
2831 -4.48317 4.48919
2832 -4.40889 4.36724
2833 -4.3252 4.50102
2834 -4.23209 4.68234
2835 -4.13801 4.8534
2836 -4.15549 5.01176
2837 -4.14696 5.06765
2838 -4.10949 5.0174
2839 -4.04248 4.8623
2840 -3.94555 4.78941
2841 -3.81823 4.7296
2842 -3.66232 4.66897
2843 -3.48122 4.63587
2844 -3.2794 4.77017
2845 -3.0629 4.87783
2846 -2.83648 4.95358
2847 -2.59986 4.99825
2848 -2.35366 5.01299
2849 -2.38721 5.00089
2850 -2.46496 4.96772
2851 -2.53877 4.96997
2852 -2.61145 5.11214
2853 -2.68517 5.25817
2854 -2.76254 5.398
2855 -2.84206 5.52361
2856 -2.92156 5.62474
2857 -3.00013 5.6962
2858 -3.07984 5.73732
2859 -3.1638 5.74551
2860 -3.25373 5.72012
2861 -3.34884 5.65852
2862 -3.44781 5.55716
2863 -3.55135 5.41605
2864 -3.6608 5.23959
2865 -3.77719 5.28126
2866 -3.89969 5.47731
2867 -4.0248 5.65705
2868 -4.14763 5.8119
2869 -4.2617 5.93026
2870 -4.36209 6.00271
2871 -4.44719 6.02411
2872 -4.51752 5.99384
2873 -4.72259 5.91319
2874 -4.9566 5.86441
2875 -5.17684 6.08107
2876 -5.38101 6.2697
2877 -5.56759 6.42953
2878 -5.73613 6.56139
2879 -5.88707 6.66609
2880 -6.02109 6.74584
2881 -6.57779 5.6537
2882 -6.23143 5.44589
2883 -5.8705 5.2174
2884 -5.50284 4.97208
2885 -5.13719 4.71336
2886 -4.90449 4.62593
2887 -4.77719 4.84084
2888 -4.7946 4.97605
2889 -4.79887 5.02739
2890 -4.79026 4.9978
2891 -4.76916 4.89374
2892 -4.73618 4.72319
2893 -4.69142 4.68752
2894 -4.6352 4.67696
2895 -4.56866 4.60926
2896 -4.49338 4.48591
2897 -4.40879 4.37152
2898 -4.31485 4.62607
2899 -4.27355 4.88006
2900 -4.30077 5.03861
2901 -4.30497 5.08836
2902 -4.28236 5.026
2903 -4.23086 4.91638
2904 -4.14878 4.89204
2905 -4.03455 4.85419
2906 -3.88871 4.80813
2907 -3.71361 4.76216
2908 -3.51319 4.724
2909 -3.29337 4.7323
2910 -3.05926 4.82349
2911 -2.81118 4.88462
2912 -2.55063 4.91552
2913 -2.39343 4.91793
2914 -2.50645 4.89657
2915 -2.59595 5.0066
2916 -2.66351 5.13629
2917 -2.71081 5.27342
2918 -2.73971 5.40877
2919 -2.8181 5.53459
2920 -2.89525 5.64047
2921 -2.96904 5.7212
2922 -3.04134 5.77492
2923 -3.11533 5.79671
2924 -3.19318 5.78426
2925 -3.27479 5.73321
2926 -3.35979 5.63817
2927 -3.44983 5.49753
2928 -3.54694 5.31408
2929 -3.65308 5.38481
2930 -3.76848 5.58661
2931 -3.89043 5.7729
2932 -4.01438 5.9355
2933 -4.13372 6.06288
2934 -4.24312 6.14525
2935 -4.34029 6.17678
2936 -4.49234 6.15617
2937 -4.74424 6.08399
2938 -4.98402 5.96482
2939 -5.20868 5.90744
2940 -5.41589 6.11625
2941 -5.60425 6.2934
2942 -5.77344 6.43962
2943 -5.92408 6.55596
2944 -6.0572 6.6451
2945 -6.554 5.4854
2946 -6.2101 5.27569
2947 -5.85169 5.04556
2948 -5.4865 5.07578
2949 -5.20686 5.08933
2950 -5.00063 5.07582
2951 -4.85876 5.03199
2952 -4.87572 5.11548
2953 -4.87959 5.16881
2954 -4.87036 5.14004
2955 -4.84843 5.03606
2956 -4.81442 4.86579
2957 -4.76846 4.77697
2958 -4.71101 4.76992
2959 -4.64323 4.70302
2960 -4.56676 4.57832
2961 -4.48101 4.40492
2962 -4.38586 4.58079
2963 -4.37727 4.83822
2964 -4.41224 4.99497
2965 -4.42782 5.03736
2966 -4.41959 4.96281
2967 -4.38418 4.93795
2968 -4.3187 4.93774
2969 -4.22034 4.91647
2970 -4.08824 4.87852
2971 -3.92343 4.832
2972 -3.72901 4.78545
2973 -3.51043 4.74432
2974 -3.27284 4.7136
2975 -3.01694 4.74219
2976 -2.74498 4.79024
2977 -2.49126 4.80956
2978 -2.6036 4.83372
2979 -2.69313 4.92997
2980 -2.76115 5.04555
2981 -2.8092 5.17273
2982 -2.83875 5.30325
2983 -2.85321 5.42973
2984 -2.856 5.54189
2985 -2.91776 5.63463
2986 -2.9837 5.70489
2987 -3.04854 5.74542
2988 -3.11476 5.75207
2989 -3.18293 5.71871
2990 -3.25365 5.63797
2991 -3.32962 5.50633
2992 -3.41373 5.32469
2993 -3.50895 5.49182
2994 -3.61672 5.69902
2995 -3.7353 5.89141
2996 -3.86057 6.06124
2997 -3.98585 6.19717
2998 -4.10543 6.28901
2999 -4.23999 6.33033
3000 -4.50782 6.31913
3001 -4.76498 6.25522
3002 -5.00881 6.14285
3003 -5.23638 5.99305
3004 -5.44543 5.9326
3005 -5.63471 6.12636
3006 -5.80405 6.28669
3007 -5.95423 6.41476
3008 -6.08654 6.51364
3009 -6.52106 5.60042
3010 -6.17957 5.43903
3011 -5.82362 5.52129
3012 -5.51643 5.58365
3013 -5.31374 5.62024
3014 -5.09442 5.62214
3015 -4.94581 5.58509
3016 -4.94596 5.50962
3017 -4.94938 5.39777
3018 -4.93947 5.27168
3019 -4.91666 5.16858
3020 -4.88154 4.99903
3021 -4.8343 4.84101
3022 -4.77549 4.83564
3023 -4.70631 4.76888
3024 -4.62845 4.64323
3025 -4.54125 4.46828
3026 -4.44453 4.45905
3027 -4.45295 4.71893
3028 -4.49295 4.87373
3029 -4.51752 4.9098
3030 -4.52192 4.84032
3031 -4.5018 4.89181
3032 -4.45326 4.91177
3033 -4.37237 4.90205
3034 -4.25672 4.86663
3035 -4.10587 4.81388
3036 -3.92181 4.75358
3037 -3.70918 4.69302
3038 -3.47281 4.63927
3039 -3.21354 4.60358
3040 -2.93412 4.64338
3041 -2.63943 4.68267
3042 -2.68842 4.69709
3043 -2.77846 4.7585
3044 -2.84772 4.90634
3045 -2.89752 5.04676
3046 -2.92891 5.17497
3047 -2.94489 5.28109
3048 -2.94882 5.34989
3049 -2.94205 5.44581
3050 -2.92858 5.53518
3051 -2.96228 5.62071
3052 -3.01803 5.67946
3053 -3.0736 5.68641
3054 -3.13056 5.63779
3055 -3.19273 5.53326
3056 -3.26387 5.37794
3057 -3.35694 5.59375
3058 -3.50798 5.80588
3059 -3.67336 6.00382
3060 -3.84595 6.18036
3061 -4.01943 6.32445
3062 -4.19004 6.42562
3063 -4.3548 6.4768
3064 -4.52412 6.47531
3065 -4.78458 6.42019
3066 -5.03057 6.31529
3067 -5.2594 6.17156
3068 -5.46904 6.00134
3069 -5.65838 5.93649
3070 -5.82742 6.11083
3071 -5.97704 6.25092
3072 -6.10872 6.36012
3073 -6.47855 6.33558
3074 -6.13963 6.16801
3075 -5.81688 6.03416
3076 -5.62658 6.12854
3077 -5.41892 6.19073
3078 -5.19356 6.20983
3079 -5.01958 6.1804
3080 -5.00568 6.10276
3081 -5.00856 5.97946
3082 -4.9979 5.81452
3083 -4.97409 5.61802
3084 -4.93778 5.39955
3085 -4.88912 5.17011
3086 -4.82878 4.93185
3087 -4.75798 4.80316
3088 -4.67845 4.67671
3089 -4.58948 4.50098
3090 -4.49081 4.35122
3091 -4.50554 4.51573
3092 -4.54745 4.66923
3093 -4.57789 4.7013
3094 -4.59213 4.68924
3095 -4.5852 4.76545
3096 -4.55256 4.80171
3097 -4.48931 4.79937
3098 -4.39158 4.76245
3099 -4.25736 4.69993
3100 -4.08737 4.62311
3101 -3.88517 4.54141
3102 -3.65492 4.46408
3103 -3.39725 4.40435
3104 -3.11515 4.48451
3105 -2.81393 4.54698
3106 -2.91386 4.7258
3107 -2.98384 4.89458
3108 -3.02401 5.04783
3109 -3.03688 5.18656
3110 -3.02307 5.31525
3111 -3.03646 5.4966
3112 -3.04287 5.67089
3113 -3.03813 5.8264
3114 -3.02611 5.9506
3115 -3.01335 6.033
3116 -3.00301 6.0652
3117 -3.06028 6.04105
3118 -3.15835 5.95835
3119 -3.26569 5.81862
3120 -3.38567 5.62849
3121 -3.56016 5.68423
3122 -3.73339 5.90077
3123 -3.90052 6.10364
3124 -4.06219 6.28629
3125 -4.21912 6.43802
3126 -4.37137 6.5482
3127 -4.51875 6.60922
3128 -4.66198 6.61776
3129 -4.80224 6.57207
3130 -5.0486 6.4756
3131 -5.27721 6.33907
3132 -5.48633 6.17452
3133 -5.67507 5.99488
3134 -5.84349 5.92299
3135 -5.99256 6.07542
3136 -6.12385 6.1955
3137 -6.42606 7.06348
3138 -6.10338 6.89804
3139 -5.92846 6.68848
3140 -5.73515 6.69134
3141 -5.52361 6.78075
3142 -5.29326 6.81848
3143 -5.08457 6.79781
3144 -5.05474 6.71872
3145 -5.05695 6.58415
3146 -5.0454 6.3996
3147 -5.02049 6.17784
3148 -4.98286 5.92985
3149 -4.93268 5.66884
3150 -4.87067 5.39876
3151 -4.79808 5.12552
3152 -4.71666 4.84927
3153 -4.62566 4.56525
3154 -4.52472 4.43874
3155 -4.54159 4.48427
3156 -4.58204 4.42509
3157 -4.61476 4.40822
3158 -4.63527 4.45288
3159 -4.63843 4.54991
3160 -4.61935 4.59903
3161 -4.57251 4.60125
3162 -4.49278 4.56094
3163 -4.37667 4.48789
3164 -4.22354 4.39499
3165 -4.03567 4.29381
3166 -3.81623 4.19563
3167 -3.56533 4.21397
3168 -3.28581 4.4859
3169 -3.01926 4.74343
3170 -3.13671 4.97223
3171 -3.22197 5.17841
3172 -3.27669 5.36944
3173 -3.30322 5.55534
3174 -3.30191 5.74075
3175 -3.27257 5.92194
3176 -3.2158 6.08944
3177 -3.14405 6.2312
3178 -3.13414 6.33479
3179 -3.12236 6.39029
3180 -3.11217 6.39042
3181 -3.19519 6.33052
3182 -3.3056 6.2104
3183 -3.45023 6.0338
3184 -3.63498 5.80896
3185 -3.81118 5.76271
3186 -3.97929 5.983
3187 -4.1404 6.1899
3188 -4.29546 6.37758
3189 -4.44548 6.53586
3190 -4.59081 6.65412
3191 -4.73146 6.72435
3192 -4.86814 6.74273
3193 -5.00178 6.70679
3194 -5.13255 6.61957
3195 -5.28911 6.49145
3196 -5.49705 6.33395
3197 -5.68492 6.15986
3198 -5.85284 5.98226
3199 -6.00175 5.96368
3200 -6.1332 6.10942
3201 -6.37178 7.74939
3202 -6.21361 7.59464
3203 -6.03754 7.38959
3204 -5.84256 7.24778
3205 -5.62856 7.36376
3206 -5.39467 7.42022
3207 -5.16136 7.40901
3208 -5.09357 7.32967
3209 -5.09496 7.18533
3210 -5.08238 6.98272
3211 -5.05624 6.73717
3212 -5.01716 6.46089
3213 -4.96532 6.16915
3214 -4.90149 5.86776
3215 -4.82695 5.56361
3216 -4.74347 5.25755
3217 -4.65018 4.94446
3218 -4.54668 4.62193
3219 -4.56639 4.5409
3220 -4.60235 4.47139
3221 -4.63374 4.31023
3222 -4.65671 4.12835
3223 -4.66622 4.24182
3224 -4.65748 4.30083
3225 -4.6247 4.30624
3226 -4.56179 4.2629
3227 -4.46397 4.18138
3228 -4.32933 4.07598
3229 -4.15875 3.96012
3230 -3.95419 4.05765
3231 -3.7149 4.42434
3232 -3.44321 4.7506
3233 -3.21626 5.03911
3234 -3.34893 5.29502
3235 -3.44822 5.52402
3236 -3.51611 5.73261
3237 -3.55485 5.92972
3238 -3.56467 6.11917
3239 -3.54502 6.29669
3240 -3.49609 6.45256
3241 -3.41949 6.57496
3242 -3.31782 6.65211
3243 -3.24542 6.67517
3244 -3.23456 6.63853
3245 -3.32224 6.53951
3246 -3.49889 6.38028
3247 -3.69062 6.1669
3248 -3.87247 5.90919
3249 -4.04494 5.83078
3250 -4.20856 6.05411
3251 -4.36454 6.264
3252 -4.51407 6.45543
3253 -4.65835 6.61891
3254 -4.79798 6.74397
3255 -4.93304 6.82242
3256 -5.06423 6.85009
3257 -5.1925 6.82396
3258 -5.31805 6.74665
3259 -5.441 6.62804
3260 -5.56119 6.47898
3261 -5.68433 6.31196
3262 -5.85211 6.14007
3263 -6.00154 6.07191
3264 -6.13403 6.22223
3265 -6.47808 8.36331
3266 -6.32004 8.22749
3267 -6.1441 8.036239999999999
3268 -5.94898 7.7815
3269 -5.73428 7.90923
3270 -5.49875 7.98286
3271 -5.28295 7.98124
3272 -5.12448 7.90332
3273 -5.12152 7.75228
3274 -5.1078 7.53572
3275 -5.08032 7.27104
3276 -5.0397 6.97127
3277 -4.98609 6.65349
3278 -4.92032 6.32509
3279 -4.84369 5.99369
3280 -4.75794 5.66086
3281 -4.66212 5.32138
3282 -4.55571 4.97297
3283 -4.58404 4.62125
3284 -4.61298 4.4991
3285 -4.63983 4.3301
3286 -4.66147 4.09743
3287 -4.67338 3.84449
3288 -4.67117 3.91095
3289 -4.64913 3.9195
3290 -4.60059 3.87545
3291 -4.51981 3.78996
3292 -4.40378 3.67824
3293 -4.25207 3.74184
3294 -4.06524 4.18356
3295 -3.84152 4.58787
3296 -3.58234 4.95039
3297 -3.40105 5.27216
3298 -3.54758 5.55714
3299 -3.6594 5.81006
3300 -3.73897 6.03614
3301 -3.78856 6.24282
3302 -3.80827 6.43304
3303 -3.7973 6.60227
3304 -3.75551 6.74109
3305 -3.68435 6.83856
3306 -3.58634 6.88415
3307 -3.46414 6.87062
3308 -3.3689 6.79442
3309 -3.52735 6.65522
3310 -3.72688 6.45768
3311 -3.91621 6.2101
3312 -4.09518 5.92364
3313 -4.26418 5.89224
3314 -4.42379 6.11795
3315 -4.57527 6.32989
3316 -4.72 6.5239
3317 -4.85938 6.69126
3318 -4.99415 6.82182
3319 -5.12443 6.90739
3320 -5.25093 6.94362
3321 -5.37458 6.9271
3322 -5.4956 6.86002
3323 -5.6141 6.75168
3324 -5.72997 6.61209
3325 -5.84286 6.45332
3326 -5.95945 6.28833
3327 -6.08304 6.16468
3328 -6.20312 6.31896
3329 -6.57989 8.87993
3330 -6.42299 8.76995
3331 -6.24846 8.60079
3332 -6.05479 8.361470000000001
3333 -5.84127 8.38269
3334 -5.60627 8.47255
3335 -5.40344 8.482150000000001
3336 -5.24701 8.409800000000001
3337 -5.13576 8.258459999999999
3338 -5.12085 8.03594
3339 -5.09199 7.76085
3340 -5.04978 7.44641
3341 -4.99436 7.11088
3342 -4.92659 6.76295
3343 -4.84775 6.41052
3344 -4.75955 6.05581
3345 -4.66092 5.69394
3346 -4.57962 5.32299
3347 -4.59834 4.94916
3348 -4.61842 4.57585
3349 -4.63805 4.33332
3350 -4.65499 4.09647
3351 -4.66544 3.88741
3352 -4.66571 3.79812
3353 -4.6505 3.70328
3354 -4.61295 3.60467
3355 -4.54673 3.50443
3356 -4.44806 3.58883
3357 -4.31533 3.76533
3358 -4.14782 4.24286
3359 -3.94256 4.68388
3360 -3.69986 5.0824
3361 -3.57119 5.43738
3362 -3.72976 5.75091
3363 -3.85239 6.02635
3364 -3.94203 6.26742
3365 -4.00103 6.47991
3366 -4.02941 6.666
3367 -4.02615 6.82127
3368 -3.99086 6.93725
3369 -3.9249 7.00455
3370 -3.83069 7.01455
3371 -3.7108 6.96208
3372 -3.56652 6.84594
3373 -3.74327 6.66827
3374 -3.94071 6.43616
3375 -4.12761 6.15977
3376 -4.30379 5.85111
3377 -4.46958 5.9516
3378 -4.62557 6.179
3379 -4.77309 6.39201
3380 -4.91365 6.5874
3381 -5.0488 6.75732
3382 -5.1794 6.89208
3383 -5.3056 6.98361
3384 -5.42808 7.02759
3385 -5.54777 7.02037
3386 -5.66487 6.96375
3387 -5.7795 6.86629
3388 -5.89158 6.73709
3389 -6.02661 6.58768
3390 -6.16114 6.43074
3391 -6.29158 6.27606
3392 -6.41748 6.39818
3393 -6.67973 9.276899999999999
3394 -6.52248 9.197570000000001
3395 -6.35045 9.05707
3396 -6.15965 8.84177
3397 -5.94908 8.785500000000001
3398 -5.7168 8.887879999999999
3399 -5.52369 8.907999999999999
3400 -5.36817 8.843719999999999
3401 -5.20575 8.697559999999999
3402 -5.12129 8.47686
3403 -5.09102 8.200519999999999
3404 -5.04722 7.88122
3405 -4.98999 7.53754
3406 -4.9202 7.17896
3407 -4.83909 6.81323
3408 -4.74832 6.44299
3409 -4.64739 6.06397
3410 -4.64303 5.6749
3411 -4.62295 5.28246
3412 -4.62156 4.89114
3413 -4.63227 4.50597
3414 -4.642 4.13328
3415 -4.64779 3.94031
3416 -4.64684 3.85509
3417 -4.63453 3.76177
3418 -4.60417 3.66203
3419 -4.5492 3.70492
3420 -4.46545 3.8119
3421 -4.35045 3.93048
3422 -4.20234 4.23788
3423 -4.01705 4.71225
3424 -3.79362 5.14392
3425 -3.72314 5.52937
3426 -3.89147 5.86842
3427 -4.02288 6.16258
3428 -4.12084 6.41398
3429 -4.18769 6.62686
3430 -4.2234 6.80284
3431 -4.22679 6.93809
3432 -4.19732 7.02576
3433 -4.13625 7.05866
3434 -4.04599 7.03063
3435 -3.92894 6.93899
3436 -3.78607 6.78507
3437 -3.94586 6.57341
3438 -4.14122 6.31313
3439 -4.32574 6.0157
3440 -4.49931 5.76595
3441 -4.66218 6.01104
3442 -4.81497 6.23924
3443 -4.95906 6.45222
3444 -5.09602 6.64775
3445 -5.22757 6.8189
3446 -5.35463 6.95659
3447 -5.47739 7.05298
3448 -5.59647 7.10399
3449 -5.71279 7.10585
3450 -5.82651 7.05996
3451 -5.93779 6.97405
3452 -6.07603 6.85618
3453 -6.2193 6.71725
3454 -6.35901 6.56955
3455 -6.49406 6.42268
3456 -6.62371 6.4633
3457 -6.83375 9.54195
3458 -6.61895 9.49541
3459 -6.45027 9.387689999999999
3460 -6.26348 9.203010000000001
3461 -6.05742 9.11124
3462 -5.82985 9.21987
3463 -5.64463 9.24769
3464 -5.48911 9.19229
3465 -5.32932 9.0557
3466 -5.16609 8.844200000000001
3467 -5.07792 8.5761
3468 -5.03252 8.26268
3469 -4.9735 7.92187
3470 -4.90169 7.5632
3471 -4.81831 7.1937
3472 -4.7662 6.81612
3473 -4.7664 6.42691
3474 -4.75413 6.02552
3475 -4.72714 5.61902
3476 -4.68423 5.21306
3477 -4.62549 4.8131
3478 -4.6264 4.425
3479 -4.62513 4.05325
3480 -4.6198 3.87154
3481 -4.60668 3.7839
3482 -4.57955 3.80755
3483 -4.53198 3.91846
3484 -4.45978 4.03791
3485 -4.35997 4.16588
3486 -4.22983 4.30078
3487 -4.06442 4.6666
3488 -3.8615 5.12551
3489 -3.85455 5.53588
3490 -4.02994 5.89497
3491 -4.1679 6.2022
3492 -4.27222 6.45814
3493 -4.34525 6.66563
3494 -4.38683 6.826
3495 -4.39573 6.93647
3496 -4.37131 6.99231
3497 -4.31478 6.98904
3498 -4.22852 6.9233
3499 -4.11478 6.79517
3500 -3.97423 6.60846
3501 -4.13622 6.36988
3502 -4.32953 6.09002
3503 -4.51179 5.78087
3504 -4.68293 5.82381
3505 -4.84321 6.07052
3506 -4.99324 6.2985
3507 -5.13439 6.51027
3508 -5.26831 6.70464
3509 -5.39682 6.87571
3510 -5.52091 7.01509
3511 -5.64077 7.11534
3512 -5.75699 7.17268
3513 -5.87044 7.18343
3514 -5.98126 7.14855
3515 -6.11344 7.0748
3516 -6.26349 6.96912
3517 -6.40988 6.84171
3518 -6.55234 6.70428
3519 -6.68959 6.56615
3520 -6.8208 6.51794
3521 -6.90928 9.67473
3522 -6.7127 9.660500000000001
3523 -6.54789 9.5871
3524 -6.36587 9.43731
3525 -6.1654 9.362019999999999
3526 -5.9441 9.470269999999999
3527 -5.76455 9.50238
3528 -5.60824 9.45603
3529 -5.45052 9.332750000000001
3530 -5.29259 9.137370000000001
3531 -5.1365 8.88672
3532 -5.00586 8.58995
3533 -4.94512 8.263400000000001
3534 -4.89252 7.91572
3535 -4.90508 7.55262
3536 -4.90729 7.17658
3537 -4.89808 6.78481
3538 -4.87699 6.37744
3539 -4.84217 5.96173
3540 -4.79268 5.54464
3541 -4.72742 5.13215
3542 -4.6466 4.72967
3543 -4.60104 4.34182
3544 -4.589 3.97253
3545 -4.57201 3.86884
3546 -4.54449 3.99331
3547 -4.50047 4.12419
3548 -4.43607 4.26121
3549 -4.34813 4.40371
3550 -4.23348 4.54958
3551 -4.08655 4.69457
3552 -3.90405 5.02477
3553 -3.96446 5.45198
3554 -4.14391 5.82364
3555 -4.28593 6.13706
3556 -4.39453 6.39137
3557 -4.47195 6.58826
3558 -4.51788 6.72904
3559 -4.53108 6.81229
3560 -4.51087 6.83569
3561 -4.45846 6.79764
3562 -4.37622 6.69775
3563 -4.2662 6.53879
3564 -4.12884 6.32685
3565 -4.31531 6.07034
3566 -4.50657 5.78065
3567 -4.68662 5.60641
3568 -4.85549 5.88396
3569 -5.01343 6.13199
3570 -5.16104 6.35921
3571 -5.29968 6.56913
3572 -5.43102 6.76168
3573 -5.55699 6.93203
3574 -5.67861 7.07254
3575 -5.79605 7.17617
3576 -5.90987 7.23957
3577 -6.02088 7.25918
3578 -6.14077 7.2355
3579 -6.29622 7.17426
3580 -6.448 7.08123
3581 -6.5955 6.96583
3582 -6.7385 6.83912
3583 -6.87582 6.71007
3584 -7.00662 6.5856
3585 -6.94958 9.67625
3586 -6.80369 9.692349999999999
3587 -6.64309 9.65314
3588 -6.46635 9.54082
3589 -6.27223 9.550079999999999
3590 -6.05837 9.650589999999999
3591 -5.88338 9.68229
3592 -5.72564 9.6433
3593 -5.56945 9.53491
3594 -5.41643 9.36026
3595 -5.2686 9.1341
3596 -5.12808 8.8629
3597 -5.0557 8.56054
3598 -5.0689 8.23409
3599 -5.07139 7.88726
3600 -5.06361 7.5218
3601 -5.0446 7.13559
3602 -5.01421 6.72937
3603 -4.97102 6.3103
3604 -4.9144 5.88653
3605 -4.84348 5.46455
3606 -4.7588 5.04935
3607 -4.69372 4.64559
3608 -4.63833 4.2578
3609 -4.56626 4.00684
3610 -4.50383 4.15677
3611 -4.4599 4.31209
3612 -4.39961 4.4715
3613 -4.31993 4.63336
3614 -4.21756 4.79475
3615 -4.08668 4.95057
3616 -3.92318 5.09636
3617 -4.05378 5.27775
3618 -4.23414 5.65306
3619 -4.37771 5.96505
3620 -4.48846 6.21164
3621 -4.56843 6.39365
3622 -4.61716 6.51263
3623 -4.6334 6.56865
3624 -4.61652 6.56181
3625 -4.56773 6.49332
3626 -4.4894 6.36557
3627 -4.3834 6.18373
3628 -4.28352 5.95576
3629 -4.48401 5.6912
3630 -4.67311 5.50547
3631 -4.85092 5.66704
3632 -5.01756 5.94916
3633 -5.17331 6.19853
3634 -5.31872 6.42483
3635 -5.45515 6.63274
3636 -5.58428 6.82337
3637 -5.70809 6.99297
3638 -5.82762 7.13462
3639 -5.94302 7.24165
3640 -6.05481 7.31117
3641 -6.16375 7.33978
3642 -6.31705 7.3275
3643 -6.47402 7.27892
3644 -6.62618 7.19866
3645 -6.77306 7.09532
3646 -6.91471 6.97928
3647 -7.05023 6.85913
3648 -7.17891 6.7418
3649 -7.0339 9.55706
3650 -6.89147 9.600619999999999
3651 -6.7352 9.594279999999999
3652 -6.56388 9.559329999999999
3653 -6.37644 9.695499999999999
3654 -6.1706 9.78064
3655 -6.00143 9.80603
3656 -5.84172 9.77068
3657 -5.68657 9.67597
3658 -5.53797 9.523339999999999
3659 -5.39785 9.32526
3660 -5.26769 9.08507
3661 -5.25727 8.81366
3662 -5.26046 8.515879999999999
3663 -5.25314 8.19309
3664 -5.23564 7.84585
3665 -5.20705 7.47247
3666 -5.16744 7.07411
3667 -5.11585 6.65757
3668 -5.05194 6.2319
3669 -4.97511 5.80398
3670 -4.88613 5.37833
3671 -4.83145 4.95941
3672 -4.78064 4.5524
3673 -4.71295 4.16759
3674 -4.62931 4.28964
3675 -4.53142 4.47303
3676 -4.42181 4.65874
3677 -4.30295 4.84386
3678 -4.18688 5.0244
3679 -4.0689 5.19429
3680 -3.92197 5.34839
3681 -4.12531 5.48137
3682 -4.30358 5.58824
3683 -4.44629 5.69492
3684 -4.55717 5.92821
3685 -4.63795 6.09211
3686 -4.68801 6.18856
3687 -4.7061 6.21911
3688 -4.69169 6.1861
3689 -4.646 6.09321
3690 -4.57142 5.94524
3691 -4.46963 5.74932
3692 -4.44506 5.55331
3693 -4.64317 5.63392
3694 -4.82985 5.70678
3695 -5.00526 5.76831
3696 -5.16961 6.02219
3697 -5.32319 6.27297
3698 -5.46653 6.49835
3699 -5.60096 6.70428
3700 -5.72814 6.89317
3701 -5.85009 7.06232
3702 -5.96784 7.20545
3703 -6.08154 7.31617
3704 -6.19164 7.39206
3705 -6.32319 7.42989
3706 -6.48639 7.42918
3707 -6.64399 7.39329
3708 -6.79528 7.3257
3709 -6.94003 7.23418
3710 -7.07872 7.12842
3711 -7.21085 7.0167
3712 -7.33596 6.90601
3713 -7.12669 9.33487
3714 -6.9761 9.406459999999999
3715 -6.82412 9.57353
3716 -6.65814 9.714090000000001
3717 -6.47732 9.820320000000001
3718 -6.28593 9.88308
3719 -6.11857 9.895860000000001
3720 -5.95648 9.85895
3721 -5.8019 9.77426
3722 -5.65718 9.64179
3723 -5.5241 9.47176
3724 -5.46596 9.264239999999999
3725 -5.47032 9.026859999999999
3726 -5.4644 8.76192
3727 -5.44815 8.46828
3728 -5.42179 8.14494
3729 -5.38444 7.79024
3730 -5.33632 7.40567
3731 -5.2769 6.99729
3732 -5.20611 6.57469
3733 -5.12359 6.14478
3734 -5.03032 5.7114
3735 -4.95053 5.27862
3736 -4.90457 4.85221
3737 -4.84203 4.44374
3738 -4.76353 4.38364
3739 -4.67049 4.59701
3740 -4.56516 4.81136
3741 -4.44989 5.02232
3742 -4.32637 5.22466
3743 -4.19601 5.41117
3744 -4.0605 5.576
3745 -4.18318 5.71362
3746 -4.3567 5.81924
3747 -4.49645 5.8897
3748 -4.60569 5.92185
3749 -4.68577 5.91289
3750 -4.73586 5.86076
3751 -4.75479 5.84111
3752 -4.74208 5.80846
3753 -4.69899 5.74164
3754 -4.62795 5.64983
3755 -4.53048 5.61201
3756 -4.59844 5.71225
3757 -4.79378 5.80107
3758 -4.97769 5.88126
3759 -5.15045 5.94988
3760 -5.31234 6.10395
3761 -5.46369 6.35612
3762 -5.60499 6.58052
3763 -5.73752 6.7845
3764 -5.86291 6.97181
3765 -5.98321 7.14079
3766 -6.09943 7.2857
3767 -6.21167 7.40032
3768 -6.32033 7.48271
3769 -6.4817 7.52982
3770 -6.64662 7.54063
3771 -6.80412 7.5172
3772 -6.95365 7.4619
3773 -7.0953 7.3817
3774 -7.23004 7.2856
3775 -7.35789 7.18162
3776 -7.47866 7.07689
3777 -7.28004 9.48413
3778 -7.11294 9.632669999999999
3779 -6.93979 9.7622
3780 -6.76258 9.865220000000001
3781 -6.58385 9.937290000000001
3782 -6.40685 9.972899999999999
3783 -6.23467 9.96814
3784 -6.07 9.924759999999999
3785 -5.91568 9.84562
3786 -5.78068 9.729710000000001
3787 -5.69354 9.585229999999999
3788 -5.69259 9.40906
3789 -5.68876 9.205629999999999
3790 -5.67504 8.974679999999999
3791 -5.6512 8.712580000000001
3792 -5.61737 8.41663
3793 -5.57267 8.08474
3794 -5.51741 7.71865
3795 -5.45138 7.32342
3796 -5.37476 6.90863
3797 -5.28742 6.48076
3798 -5.19048 6.0428
3799 -5.08488 5.5981
3800 -5.01203 5.15301
3801 -4.95499 4.7203
3802 -4.88235 4.43735
3803 -4.79516 4.68095
3804 -4.69526 4.92452
3805 -4.5848 5.16217
3806 -4.46533 5.38734
3807 -4.33827 5.59161
3808 -4.20539 5.76836
3809 -4.23218 5.91195
3810 -4.39881 6.01783
3811 -4.53389 6.0834
3812 -4.64005 6.10661
3813 -4.71819 6.08645
3814 -4.76728 6.02208
3815 -4.78621 6.03014
3816 -4.77456 6.00679
3817 -4.73365 5.94465
3818 -4.66595 5.85278
3819 -4.68617 5.74108
3820 -4.74374 5.84063
3821 -4.93598 5.93865
3822 -5.11687 6.02715
3823 -5.28678 6.10369
3824 -5.44613 6.19364
3825 -5.59524 6.44741
3826 -5.73456 6.67118
3827 -5.86532 6.87371
3828 -5.98911 7.06014
3829 -6.10797 7.22974
3830 -6.22288 7.37713
3831 -6.33392 7.49616
3832 -6.4549 7.58535
3833 -6.63009 7.64178
3834 -6.79608 7.66386
3835 -6.95283 7.65236
3836 -7.1 7.6086
3837 -7.23801 7.53876
3838 -7.36834 7.45121
3839 -7.49157 7.35385
3840 -7.60781 7.25399
3841 -7.43052 9.750080000000001
3842 -7.25821 9.86487
3843 -7.07899 9.956720000000001
3844 -6.89513 10.0212
3845 -6.7097 10.0569
3846 -6.52672 10.0621
3847 -6.35002 10.0356
3848 -6.18287 9.9809
3849 -6.03272 9.901960000000001
3850 -5.94908 9.797219999999999
3851 -5.91912 9.67338
3852 -5.9171 9.524319999999999
3853 -5.90648 9.351649999999999
3854 -5.88642 9.15273
3855 -5.85658 8.921720000000001
3856 -5.81698 8.654170000000001
3857 -5.76666 8.347239999999999
3858 -5.70596 8.00276
3859 -5.63495 7.62463
3860 -5.55398 7.22188
3861 -5.4631 6.80006
3862 -5.36354 6.36107
3863 -5.25622 5.90726
3864 -5.14152 5.44547
3865 -5.0541 4.98945
3866 -4.9876 4.55058
3867 -4.9068 4.72345
3868 -4.81308 4.99483
3869 -4.7083 5.25821
3870 -4.59381 5.50558
3871 -4.47101 5.72726
3872 -4.34171 5.91588
3873 -4.27716 6.06575
3874 -4.43537 6.1726
3875 -4.56453 6.23439
3876 -4.66655 6.25009
3877 -4.74184 6.22057
3878 -4.78916 6.15073
3879 -4.80747 6.18843
3880 -4.79642 6.17476
3881 -4.77317 6.11757
3882 -4.83734 6.02569
3883 -4.89594 5.9091
3884 -4.95018 5.93904
3885 -5.07029 6.04746
3886 -5.24802 6.14552
3887 -5.41505 6.23102
3888 -5.57185 6.29869
3889 -5.71878 6.54385
3890 -5.85625 6.76769
3891 -5.9854 6.96976
3892 -6.10777 7.15653
3893 -6.2254 7.32804
3894 -6.33921 7.4791
3895 -6.44923 7.60341
3896 -6.59026 7.69994
3897 -6.76744 7.76587
3898 -6.93386 7.79902
3899 -7.08941 7.79886
3900 -7.23394 7.76577
3901 -7.36819 7.7052
3902 -7.49417 7.62499
3903 -7.61297 7.53302
3904 -7.72497 7.43692
3905 -7.57711 10.0127
3906 -7.40005 10.0959
3907 -7.21537 10.1519
3908 -7.02564 10.179
3909 -6.83433 10.1784
3910 -6.64612 10.152
3911 -6.46544 10.1015
3912 -6.29608 10.0318
3913 -6.19097 9.94839
3914 -6.14424 9.84944
3915 -6.1435 9.74057
3916 -6.13554 9.61307
3917 -6.11946 9.466240000000001
3918 -6.09445 9.295400000000001
3919 -6.06009 9.09294
3920 -6.01629 8.852790000000001
3921 -5.96199 8.571109999999999
3922 -5.89751 8.249840000000001
3923 -5.82309 7.89148
3924 -5.7392 7.50408
3925 -5.64608 7.09191
3926 -5.54496 6.6555
3927 -5.43681 6.19589
3928 -5.32189 5.7203
3929 -5.20075 5.24323
3930 -5.08164 4.77758
3931 -5.00734 4.72711
3932 -4.92011 5.02344
3933 -4.82148 5.31007
3934 -4.71257 5.57764
3935 -4.5947 5.8151
3936 -4.46973 6.01439
3937 -4.33858 6.16986
3938 -4.47109 6.27763
3939 -4.59348 6.33612
3940 -4.69058 6.34525
3941 -4.76234 6.3078
3942 -4.80733 6.27121
3943 -4.82457 6.32184
3944 -4.89962 6.31741
3945 -4.9704 6.26475
3946 -5.03496 6.17237
3947 -5.09433 6.05029
3948 -5.14979 6.01023
3949 -5.20257 6.13032
3950 -5.3718 6.23925
3951 -5.53595 6.33474
3952 -5.69028 6.41126
3953 -5.83514 6.64102
3954 -5.97088 6.86583
3955 -6.09858 7.06864
3956 -6.21971 7.25717
3957 -6.33628 7.43209
3958 -6.44917 7.58814
3959 -6.55834 7.71875
3960 -6.71598 7.82327
3961 -6.89439 7.8989
3962 -7.06076 7.94289
3963 -7.21487 7.95349
3964 -7.35677 7.93022
3965 -7.4875 7.87788
3966 -7.6095 7.80389
3967 -7.72432 7.71628
3968 -7.83259 7.62299
3969 -7.71924 10.274
3970 -7.53802 10.329
3971 -7.34865 10.3523
3972 -7.15398 10.3446
3973 -6.95782 10.3093
3974 -6.7653 10.2511
3975 -6.5814 10.175
3976 -6.41929 10.0873
3977 -6.36322 9.99479
3978 -6.36386 9.89592
3979 -6.35797 9.795669999999999
3980 -6.34521 9.68317
3981 -6.32476 9.55607
3982 -6.29589 9.40812
3983 -6.25817 9.2303
3984 -6.21144 9.01516
3985 -6.15446 8.75769
3986 -6.08753 8.45983
3987 -6.01099 8.12261
3988 -5.92541 7.75271
3989 -5.83115 7.35283
3990 -5.72943 6.92205
3991 -5.62125 6.45976
3992 -5.50678 5.97361
3993 -5.3865 5.47849
3994 -5.25905 4.98859
3995 -5.12373 4.69896
3996 -5.01842 5.01622
3997 -4.92605 5.32243
3998 -4.82298 5.60696
3999 -4.71042 5.85745
4000 -4.59026 6.06519
4001 -4.46335 6.22471
4002 -4.53622 6.33263
4003 -4.64283 6.38777
4004 -4.74296 6.39086
4005 -4.83769 6.34662
4006 -4.92685 6.37295
4007 -5.00981 6.43531
4008 -5.08644 6.43911
4009 -5.15696 6.39013
4010 -5.22179 6.29652
4011 -5.28186 6.16833
4012 -5.33845 6.05873
4013 -5.39276 6.19147
4014 -5.48833 6.31218
4015 -5.64969 6.41837
4016 -5.80164 6.50417
4017 -5.94454 6.73529
4018 -6.07869 6.96189
4019 -6.20507 7.1665
4020 -6.32512 7.35798
4021 -6.44078 7.53746
4022 -6.55286 7.69949
4023 -6.66129 7.83712
4024 -6.83217 7.94998
4025 -7.01138 8.03525
4026 -7.17755 8.08963
4027 -7.3304 8.110250000000001
4028 -7.47009 8.09591
4029 -7.59793 8.050829999999999
4030 -7.7167 7.98211
4031 -7.82831 7.89798
4032 -7.93361 8.04096
4033 -7.8553 10.5314
4034 -7.67059 10.5628
4035 -7.47739 10.558
4036 -7.2788 10.5196
4037 -7.07887 10.4524
4038 -6.8831 10.364
4039 -6.69685 10.262
4040 -6.57305 10.1541
4041 -6.57484 10.0486
4042 -6.57103 9.94453
4043 -6.56098 9.846690000000001
4044 -6.54432 9.74253
4045 -6.52033 9.628640000000001
4046 -6.48841 9.497719999999999
4047 -6.44813 9.3398
4048 -6.39931 9.1462
4049 -6.34058 8.910600000000001
4050 -6.27215 8.6349
4051 -6.19446 8.318659999999999
4052 -6.10811 7.9669
4053 -6.01358 7.58059
4054 -5.91205 7.15733
4055 -5.80453 6.69487
4056 -5.69113 6.20105
4057 -5.57223 5.69097
4058 -5.44624 5.17981
4059 -5.31268 4.81643
4060 -5.17092 4.98031
4061 -5.02396 5.30183
4062 -4.92664 5.59952
4063 -4.81948 5.85983
4064 -4.70435 6.07347
4065 -4.62146 6.23524
4066 -4.72864 6.34231
4067 -4.83082 6.39392
4068 -4.92716 6.39146
4069 -5.01869 6.34149
4070 -5.10539 6.46062
4071 -5.18659 6.53311
4072 -5.26217 6.54379
4073 -5.33231 6.49746
4074 -5.39729 6.40189
4075 -5.45795 6.26719
4076 -5.51552 6.10256
4077 -5.57112 6.23529
4078 -5.62494 6.36804
4079 -5.75643 6.48507
4080 -5.90612 6.58022
4081 -6.04719 6.82414
4082 -6.17989 7.05317
4083 -6.3051 7.26033
4084 -6.4242 7.45552
4085 -6.53907 7.64021
4086 -6.65047 7.80865
4087 -6.75825 7.95344
4088 -6.93911 8.074490000000001
4089 -7.11884 8.168950000000001
4090 -7.2849 8.23297
4091 -7.43689 8.26271
4092 -7.57508 8.256360000000001
4093 -7.70096 8.217650000000001
4094 -7.81754 8.15343
4095 -7.92699 8.072190000000001
4096 -8.03037 8.72364
